(2, 1, 1, 0, 2, 0, 12) && AIC: 1851.9112689903118
(1, 0, 1, 0, 1, 2, 12) && AIC: 1557.8991979567936
(0, 2, 1, 2, 2, 1, 12) && AIC: 1507.9409780451788
(2, 1, 0, 0, 2, 2, 12) && AIC: 1467.5176906480801
(2, 1, 2, 1, 0, 1, 12) && AIC: 1789.5584574038203
(2, 2, 2, 0, 1, 0, 12) && AIC: 1822.9877876473797
(2, 0, 1, 0, 0, 2, 12) && AIC: 1729.46260270033
(1, 1, 1, 0, 1, 0, 12) && AIC: 1837.2981206622962
(1, 0, 0, 0, 1, 0, 12) && AIC: 1869.3832692839032
(1, 1, 1, 2, 0, 1, 12) && AIC: 1684.2090407271203
(1, 1, 0, 0, 0, 2, 12) && AIC: 1730.0479683276008
(1, 1, 2, 1, 2, 1, 12) && AIC: 1592.3140745307396
(1, 2, 1, 1, 0, 1, 12) && AIC: 1794.9074978252406
(0, 0, 0, 0, 1, 1, 12) && AIC: 1839.8058460160287
(0, 2, 0, 2, 0, 2, 12) && AIC: 1874.5570368284234
(0, 2, 1, 1, 2, 0, 12) && AIC: 1722.0609566717567
(2, 0, 2, 2, 2, 2, 12) && AIC: 1474.5690631091811
(0, 0, 0, 2, 2, 0, 12) && AIC: 1635.310074683016
(0, 1, 1, 0, 1, 1, 12) && AIC: 1672.9714060393435
(1, 2, 2, 2, 2, 2, 12) && AIC: 1454.9149337046465
(0, 1, 1, 2, 2, 2, 12) && AIC: 1467.70682699988
(2, 0, 2, 0, 2, 1, 12) && AIC: 1608.1336382255058
(2, 2, 1, 1, 1, 2, 12) && AIC: 1546.097086898324
(2, 2, 0, 0, 0, 1, 12) && AIC: 1938.86318398407
(1, 0, 2, 2, 0, 2, 12) && AIC: 1674.7661319184285
(2, 1, 1, 2, 2, 1, 12) && AIC: 1465.8638037488877
(0, 2, 1, 0, 2, 0, 12) && AIC: 1888.62250389397
(0, 1, 0, 1, 1, 0, 12) && AIC: 1749.7174167745748
(1, 1, 1, 1, 1, 1, 12) && AIC: 1671.9867567083863
(0, 1, 2, 2, 0, 2, 12) && AIC: 1666.7713730396467
(2, 1, 0, 0, 1, 2, 12) && AIC: 1559.378292659448
(0, 0, 1, 1, 2, 0, 12) && AIC: 1748.086030431367
(2, 0, 0, 0, 0, 0, 12) && AIC: 2050.911573289006
(0, 0, 0, 1, 2, 1, 12) && AIC: 1731.758109012726
(0, 0, 2, 0, 0, 2, 12) && AIC: 1822.5135337434906
(2, 2, 1, 2, 2, 1, 12) && AIC: 1464.2707456522344
(2, 1, 1, 0, 0, 0, 12) && AIC: 2026.6564870719778
(2, 0, 0, 2, 1, 1, 12) && AIC: 1554.0419710969284
(0, 0, 1, 1, 0, 0, 12) && AIC: 1932.2251336345248
(2, 0, 0, 0, 2, 0, 12) && AIC: 1857.66332142616
(1, 0, 0, 2, 1, 0, 12) && AIC: 1594.1401802131124
(1, 2, 0, 1, 0, 0, 12) && AIC: 1913.9035720345441
(0, 1, 1, 2, 1, 2, 12) && AIC: 1551.5191186154102
(1, 0, 1, 2, 0, 2, 12) && AIC: 1684.7899269043105
(0, 1, 2, 1, 0, 1, 12) && AIC: 1789.8572718735095
(1, 0, 1, 1, 2, 2, 12) && AIC: 1468.680359985156
(1, 2, 1, 2, 0, 2, 12) && AIC: 1672.509227320182
(2, 1, 1, 1, 2, 0, 12) && AIC: 1659.3748431126987
(1, 2, 0, 1, 2, 0, 12) && AIC: 1742.8796881403368
(1, 1, 0, 1, 0, 2, 12) && AIC: 1682.179960593153
(0, 2, 0, 1, 1, 2, 12) && AIC: 1735.2401548835428
(0, 2, 2, 2, 1, 1, 12) && AIC: 1568.5340164693016
(0, 0, 1, 0, 2, 0, 12) && AIC: 1897.5315772842632
(0, 1, 0, 2, 1, 0, 12) && AIC: 1604.84709449027
(0, 2, 0, 0, 1, 2, 12) && AIC: 1734.7283631398836
(2, 0, 0, 1, 0, 0, 12) && AIC: 1820.970643969062
(2, 1, 0, 1, 0, 1, 12) && AIC: 1798.5006744065836
(0, 0, 1, 2, 1, 1, 12) && AIC: 1667.8282952490063
(2, 1, 1, 1, 0, 0, 12) && AIC: 1819.468511428921
(0, 2, 0, 2, 2, 1, 12) && AIC: 1631.074239686975
(2, 2, 2, 1, 1, 0, 12) && AIC: 1689.5550518049854
(2, 1, 2, 2, 1, 0, 12) && AIC: 1561.4236588762462
(0, 2, 2, 1, 0, 1, 12) && AIC: 1786.7466933681656
(1, 2, 0, 0, 0, 0, 12) && AIC: 2151.932626476474
(1, 1, 0, 2, 0, 1, 12) && AIC: 1683.0128886916373
(2, 2, 1, 0, 2, 2, 12) && AIC: 1454.1862703611184
(0, 1, 1, 1, 2, 1, 12) && AIC: 1599.99536749265
(1, 2, 0, 0, 2, 0, 12) && AIC: 1948.547811751352
(2, 0, 2, 1, 1, 1, 12) && AIC: 1670.2534891448051
(1, 0, 2, 0, 1, 2, 12) && AIC: 1547.9808760048923
(1, 0, 2, 1, 1, 2, 12) && AIC: 1547.7160240728588
(1, 2, 0, 2, 2, 1, 12) && AIC: 1538.875127727509
(2, 1, 1, 2, 0, 0, 12) && AIC: 1688.0718566536007
(2, 1, 2, 1, 1, 0, 12) && AIC: 1691.4789928634018
(0, 2, 1, 0, 0, 1, 12) && AIC: 1878.668466919632
(2, 1, 0, 2, 0, 2, 12) && AIC: 1675.406164644502
(0, 0, 2, 1, 0, 2, 12) && AIC: 1732.1246148047603
(1, 2, 2, 0, 1, 1, 12) && AIC: 1659.0436114302815
(1, 0, 0, 0, 0, 1, 12) && AIC: 1902.2862456727455
(0, 2, 0, 1, 2, 2, 12) && AIC: 1623.325435603947
(1, 0, 1, 1, 1, 2, 12) && AIC: 1558.448498656891
(1, 1, 1, 0, 2, 1, 12) && AIC: 1614.208671802509
(0, 2, 2, 0, 1, 2, 12) && AIC: 1535.483830187532
(2, 2, 2, 0, 1, 1, 12) && AIC: 1659.2416900839487
(0, 2, 0, 0, 2, 2, 12) && AIC: 1621.3268658851089
(0, 1, 0, 0, 1, 0, 12) && AIC: 1886.7271314377977
(0, 2, 2, 0, 2, 2, 12) && AIC: 1443.6841242816433
(1, 2, 1, 0, 1, 2, 12) && AIC: 1544.1168427903212
(0, 0, 2, 2, 0, 1, 12) && AIC: 1764.6268017876769
(0, 1, 1, 0, 0, 2, 12) && AIC: 1715.9573597112096
(0, 0, 1, 0, 0, 0, 12) && AIC: 2345.3772320586495
(2, 0, 0, 1, 2, 0, 12) && AIC: 1665.5323528696813
(2, 0, 1, 1, 2, 1, 12) && AIC: 1603.7782520014093
(2, 0, 2, 2, 0, 1, 12) && AIC: 1689.1393692427275
(2, 2, 0, 2, 2, 1, 12) && AIC: 1504.2425990728666
(2, 0, 2, 0, 1, 0, 12) && AIC: 1829.3735974156766
(2, 1, 2, 0, 1, 0, 12) && AIC: 1823.6648091993497
(2, 2, 0, 0, 2, 0, 12) && AIC: 1917.2519231007363
(1, 0, 2, 0, 2, 2, 12) && AIC: 1456.3336146675206
(2, 2, 1, 0, 1, 2, 12) && AIC: 1545.7157366184024
(1, 0, 0, 1, 1, 2, 12) && AIC: 1592.0083469938763
(2, 2, 0, 0, 0, 0, 12) && AIC: 2110.931580633503
(1, 0, 2, 1, 2, 2, 12) && AIC: 1458.3316994919778
(1, 2, 2, 1, 1, 0, 12) && AIC: 1698.0306294880374
(0, 2, 1, 2, 0, 2, 12) && AIC: 1707.7978795123681
(1, 0, 0, 1, 2, 2, 12) && AIC: 1497.189122903451
(1, 1, 1, 1, 0, 2, 12) && AIC: 1673.1890022596513
(2, 1, 1, 0, 1, 1, 12) && AIC: 1672.1129322457823
(1, 1, 1, 2, 2, 2, 12) && AIC: 1460.7546460520073
(2, 1, 1, 2, 2, 0, 12) && AIC: 1506.0862230256494
(0, 0, 1, 1, 1, 1, 12) && AIC: 1784.31809568179
(2, 0, 1, 2, 2, 0, 12) && AIC: 1514.034644550717
(1, 1, 2, 1, 0, 2, 12) && AIC: 1664.8606723809403
(0, 1, 0, 1, 1, 1, 12) && AIC: 1718.6459342021785
(2, 0, 1, 0, 1, 1, 12) && AIC: 1680.1952059217506
(2, 2, 0, 1, 2, 0, 12) && AIC: 1711.6302995717663
(1, 2, 1, 1, 2, 2, 12) && AIC: 1454.381990225063
(2, 2, 2, 2, 1, 2, 12) && AIC: 1540.1252514010007
(2, 0, 1, 2, 0, 0, 12) && AIC: 1691.3629382276613
(2, 2, 0, 1, 0, 0, 12) && AIC: 1879.2375708670274
(1, 1, 2, 0, 0, 2, 12) && AIC: 1706.5195837116646
(1, 2, 1, 1, 1, 2, 12) && AIC: 1544.4190187103522
(2, 2, 2, 2, 2, 2, 12) && AIC: 1492.3772053080565
(1, 2, 1, 0, 2, 2, 12) && AIC: 1452.3820788101843
(0, 1, 0, 2, 0, 1, 12) && AIC: 1734.4774267833102
(0, 1, 2, 1, 2, 0, 12) && AIC: 1689.843573555459
(0, 0, 1, 2, 0, 0, 12) && AIC: 1805.177162331694
(1, 2, 1, 2, 2, 1, 12) && AIC: 1473.615569310425
(0, 1, 2, 1, 0, 0, 12) && AIC: 1836.11977742802
(0, 2, 0, 0, 0, 1, 12) && AIC: 2050.4533984159416
(0, 2, 2, 1, 2, 2, 12) && AIC: 1445.684122456115
(2, 1, 0, 1, 2, 0, 12) && AIC: 1664.8572466728353
(2, 1, 2, 2, 0, 1, 12) && AIC: 1678.2599999707325
(2, 1, 1, 1, 2, 1, 12) && AIC: 1600.1323472403747
(0, 0, 2, 2, 2, 0, 12) && AIC: 1564.2915499401556
(1, 0, 1, 0, 0, 1, 12) && AIC: 1865.4662115847555
(0, 0, 1, 0, 2, 1, 12) && AIC: 1678.2252605329331
(2, 0, 0, 1, 0, 1, 12) && AIC: 1803.0519985251397
(2, 0, 1, 1, 0, 0, 12) && AIC: 1822.8261559090333
(2, 1, 0, 1, 0, 0, 12) && AIC: 1816.2134581259697
(1, 1, 0, 0, 2, 1, 12) && AIC: 1623.3270453650307
(2, 2, 1, 2, 0, 2, 12) && AIC: 1674.0738946940921
(0, 0, 0, 1, 0, 2, 12) && AIC: 1842.1661504233357
(1, 1, 0, 2, 2, 0, 12) && AIC: 1518.4015202164605
(0, 1, 2, 0, 2, 0, 12) && AIC: 1852.3427898622508
(1, 1, 1, 2, 1, 2, 12) && AIC: 1550.3912005424218
(0, 1, 2, 2, 1, 1, 12) && AIC: 1570.4464442666208
(1, 2, 0, 0, 0, 1, 12) && AIC: 1964.0014772839465
(1, 1, 0, 2, 0, 0, 12) && AIC: 1692.9368044607868
(0, 1, 2, 0, 0, 0, 12) && AIC: 2017.5335180757388
(0, 0, 0, 0, 0, 2, 12) && AIC: 1969.5958202904656
(1, 0, 0, 0, 2, 2, 12) && AIC: 1495.1892041010628
(1, 0, 2, 1, 0, 1, 12) && AIC: 1796.9684104588619
(2, 1, 0, 0, 2, 0, 12) && AIC: 1863.0946961318807
(2, 0, 2, 1, 1, 0, 12) && AIC: 1698.0690539009956
(2, 1, 0, 2, 1, 1, 12) && AIC: 1548.6627123976118
(2, 2, 1, 1, 0, 1, 12) && AIC: 1796.5785640444615
(0, 2, 1, 1, 1, 2, 12) && AIC: 1579.116992377931
(1, 0, 0, 2, 2, 1, 12) && AIC: 1499.14331855664
(2, 1, 2, 1, 1, 1, 12) && AIC: 1662.709372144777
(1, 0, 2, 2, 1, 1, 12) && AIC: 1567.4803510738343
(1, 2, 2, 0, 1, 0, 12) && AIC: 1822.9393484906932
(1, 1, 0, 1, 1, 1, 12) && AIC: 1683.2828307140267
(1, 1, 2, 2, 1, 2, 12) && AIC: 1541.4814132855302
(0, 2, 2, 2, 0, 2, 12) && AIC: 1664.9460247763893
(0, 2, 2, 1, 1, 2, 12) && AIC: 1536.8857498360762
(2, 0, 2, 2, 1, 0, 12) && AIC: 1569.3060270030624
(1, 1, 2, 0, 2, 1, 12) && AIC: 1603.7065965136007
(0, 0, 2, 0, 2, 1, 12) && AIC: 1633.3462512584626
(0, 0, 1, 2, 2, 0, 12) && AIC: 1594.6389535404041
(0, 1, 1, 1, 0, 2, 12) && AIC: 1673.635777493109
(0, 2, 0, 2, 1, 0, 12) && AIC: 1740.3383557196169
(2, 2, 0, 2, 0, 0, 12) && AIC: 1737.9042926348416
(2, 2, 2, 1, 2, 1, 12) && AIC: 1585.7532195440535
(2, 0, 0, 2, 0, 2, 12) && AIC: 1680.9374323994261
(2, 2, 0, 0, 1, 1, 12) && AIC: 1734.3778151743209
(0, 0, 2, 2, 0, 0, 12) && AIC: 1763.1919134111354
(2, 0, 1, 1, 2, 0, 12) && AIC: 1666.7879891931789
(2, 2, 0, 2, 2, 0, 12) && AIC: 1548.8106924050385
(1, 2, 0, 2, 0, 2, 12) && AIC: 1765.265783599571
(1, 0, 1, 0, 2, 0, 12) && AIC: 1861.964149477942
(0, 2, 1, 0, 2, 2, 12) && AIC: 1480.1796852349846
(1, 0, 0, 0, 1, 2, 12) && AIC: 1591.201498965862
(0, 1, 1, 2, 0, 1, 12) && AIC: 1696.4380222960795
(1, 1, 1, 0, 0, 2, 12) && AIC: 1717.950023270681
(0, 2, 1, 0, 1, 2, 12) && AIC: 1577.4884867720157
(0, 2, 1, 1, 2, 2, 12) && AIC: 1482.1795856199608
(2, 0, 1, 0, 0, 0, 12) && AIC: 2038.2260465816187
(0, 0, 0, 2, 1, 2, 12) && AIC: 1701.318077372297
(0, 0, 2, 1, 1, 1, 12) && AIC: 1723.051387005246
(2, 1, 0, 0, 0, 0, 12) && AIC: 2035.643473270411
(0, 0, 0, 0, 2, 1, 12) && AIC: 1730.1467276147932
(2, 0, 1, 0, 2, 0, 12) && AIC: 1858.4443555123212
(0, 1, 0, 2, 2, 2, 12) && AIC: 1500.4998731510777
(1, 1, 2, 2, 2, 2, 12) && AIC: 1454.4054677466615
(2, 0, 1, 2, 2, 1, 12) && AIC: 1473.520830927437
(1, 2, 2, 2, 1, 0, 12) && AIC: 1567.2397012962124
(1, 0, 1, 1, 2, 0, 12) && AIC: 1684.212009690628
(2, 2, 0, 1, 2, 1, 12) && AIC: 1643.4618205144434
(2, 2, 1, 1, 2, 0, 12) && AIC: 1659.986240406059
(2, 2, 2, 0, 0, 2, 12) && AIC: 1711.5431063793303
(0, 1, 0, 0, 2, 1, 12) && AIC: 1657.244942158061
(1, 2, 1, 0, 0, 1, 12) && AIC: 1855.6781694097033
(0, 1, 2, 1, 1, 1, 12) && AIC: 1663.2167671591433
(0, 2, 0, 0, 1, 0, 12) && AIC: 2055.02922070047
(1, 2, 1, 2, 1, 0, 12) && AIC: 1565.6412850979318
(2, 1, 2, 0, 2, 1, 12) && AIC: 1602.042795360631
(0, 0, 2, 0, 0, 0, 12) && AIC: 2235.5526160982463
(1, 0, 1, 2, 2, 1, 12) && AIC: 1484.678730983856
(0, 0, 1, 2, 0, 1, 12) && AIC: 1807.024054355414
(2, 1, 0, 1, 1, 1, 12) && AIC: 1672.1783495780178
(2, 2, 1, 0, 2, 0, 12) && AIC: 1858.2037077209066
(2, 0, 0, 0, 1, 2, 12) && AIC: 1565.2652158829073
(2, 2, 1, 2, 1, 1, 12) && AIC: 1546.2642879854488
(1, 1, 0, 0, 0, 0, 12) && AIC: 2050.0892592374757
(0, 1, 2, 2, 0, 0, 12) && AIC: 1706.146792685741
(0, 2, 2, 0, 0, 1, 12) && AIC: 1838.6593022271534
(1, 0, 1, 0, 0, 0, 12) && AIC: 2042.488630372166
(1, 1, 0, 2, 1, 1, 12) && AIC: 1557.0745030948717
(1, 0, 2, 1, 1, 0, 12) && AIC: 1708.1729723853239
(1, 1, 0, 0, 2, 0, 12) && AIC: 1872.3933431266494
(0, 1, 2, 2, 2, 0, 12) && AIC: 1532.0262565969965
(0, 0, 0, 2, 2, 2, 12) && AIC: 1598.894377063542
(1, 0, 0, 2, 0, 2, 12) && AIC: 1719.101834167227
(1, 2, 0, 0, 1, 2, 12) && AIC: 1632.1366275450634
(2, 0, 2, 1, 0, 1, 12) && AIC: 1797.0569325311344
(2, 1, 0, 2, 0, 0, 12) && AIC: 1684.6777367767475
(1, 2, 0, 1, 1, 2, 12) && AIC: 1631.399649135227
(0, 1, 1, 2, 2, 0, 12) && AIC: 1530.3121248228128
(0, 1, 0, 1, 0, 2, 12) && AIC: 1718.4361637699424
(0, 1, 2, 0, 2, 1, 12) && AIC: 1604.4439129561085
(0, 1, 0, 2, 1, 2, 12) && AIC: 1595.2609625356745
(2, 1, 0, 0, 2, 1, 12) && AIC: 1625.0717142139742
(2, 1, 2, 1, 0, 2, 12) && AIC: 1664.6717896791622
(1, 2, 2, 0, 0, 1, 12) && AIC: 1838.6714970638322
(1, 1, 0, 1, 0, 0, 12) && AIC: 1824.842297077853
(2, 1, 2, 2, 2, 2, 12) && AIC: 1464.8311671265787
(1, 0, 0, 1, 0, 1, 12) && AIC: 1843.3745723484512
(2, 2, 1, 1, 0, 0, 12) && AIC: 1812.740527815955
(1, 0, 1, 1, 0, 0, 12) && AIC: 1833.3902646277606
(2, 1, 1, 1, 0, 2, 12) && AIC: 1673.1000889548864
(1, 1, 0, 1, 2, 0, 12) && AIC: 1673.610385958391
(1, 1, 2, 2, 0, 1, 12) && AIC: 1686.086923867802
(2, 2, 2, 1, 0, 2, 12) && AIC: 1662.885603734785
(0, 0, 1, 0, 0, 2, 12) && AIC: 1892.2484265171909
(0, 2, 1, 2, 1, 1, 12) && AIC: 1601.6412138813844
(1, 0, 2, 2, 1, 0, 12) && AIC: 1578.093581926476
(2, 0, 0, 1, 2, 2, 12) && AIC: 1476.061415602519
(0, 0, 0, 1, 1, 1, 12) && AIC: 1841.7785215482854
(0, 1, 1, 1, 1, 1, 12) && AIC: 1672.957493943809
(2, 1, 1, 0, 0, 2, 12) && AIC: 1713.8305792496803
(0, 0, 2, 2, 1, 1, 12) && AIC: 1628.2342373178958
(2, 0, 0, 1, 1, 2, 12) && AIC: 1564.6802653781028
(2, 0, 2, 2, 1, 1, 12) && AIC: 1557.9202124673352
(0, 0, 1, 1, 0, 2, 12) && AIC: 1788.4446818165718
(2, 0, 0, 0, 2, 2, 12) && AIC: 1474.0647120851459
(0, 0, 2, 0, 2, 0, 12) && AIC: 1858.9068594174
(1, 1, 2, 1, 1, 1, 12) && AIC: 1663.1133020208786
(2, 0, 2, 0, 2, 2, 12) && AIC: 1457.1973491348153
(1, 2, 0, 0, 2, 2, 12) && AIC: 1530.566153401905
(2, 0, 0, 2, 2, 1, 12) && AIC: 1471.5221054115386
(2, 2, 2, 2, 0, 1, 12) && AIC: 1675.790816017297
(2, 2, 1, 0, 0, 0, 12) && AIC: 2031.880948291522
(1, 0, 1, 2, 0, 0, 12) && AIC: 1703.9455703669469
(1, 2, 2, 1, 1, 2, 12) && AIC: 1535.6936704373525
(0, 1, 1, 0, 2, 1, 12) && AIC: 1613.9302399856335
(1, 2, 0, 1, 2, 2, 12) && AIC: 1532.5652021388914
(0, 2, 0, 1, 1, 0, 12) && AIC: 1906.95926548245
(1, 1, 1, 2, 2, 0, 12) && AIC: 1520.3044234453237
(1, 2, 2, 1, 2, 2, 12) && AIC: 1445.464333684925
(0, 0, 2, 1, 0, 0, 12) && AIC: 1889.7816754202004
(1, 1, 1, 0, 1, 1, 12) && AIC: 1672.7876273514332
(2, 1, 0, 2, 2, 0, 12) && AIC: 1509.7119921700319
(0, 1, 1, 2, 0, 0, 12) && AIC: 1705.0629340552625
(0, 2, 1, 1, 0, 1, 12) && AIC: 1833.45230381403
(0, 0, 0, 2, 0, 1, 12) && AIC: 1853.4098763281868
(0, 0, 2, 1, 2, 0, 12) && AIC: 1712.7569983097244
(0, 1, 0, 0, 0, 2, 12) && AIC: 1760.926559680691
(2, 1, 2, 2, 1, 2, 12) && AIC: 1541.5658735812906
(2, 0, 1, 0, 0, 1, 12) && AIC: 1864.929072568446
(1, 1, 1, 1, 2, 1, 12) && AIC: 1598.6474324704873
(1, 2, 1, 0, 1, 0, 12) && AIC: 1831.958048721919
(1, 1, 2, 0, 1, 0, 12) && AIC: 1827.2146872233366
(1, 0, 2, 0, 1, 0, 12) && AIC: 1829.6783680485808
(2, 0, 2, 0, 1, 2, 12) && AIC: 1548.5128837050809
(1, 0, 1, 1, 2, 1, 12) && AIC: 1607.062031677377
(0, 2, 0, 0, 1, 1, 12) && AIC: 1871.343135110018
(2, 1, 1, 2, 1, 2, 12) && AIC: 1550.1164796774235
(2, 2, 1, 2, 0, 0, 12) && AIC: 1680.997199625063
(2, 1, 1, 0, 2, 1, 12) && AIC: 1611.4728538721006
(1, 0, 1, 0, 1, 1, 12) && AIC: 1681.7731011099215
(0, 2, 2, 2, 2, 1, 12) && AIC: 1486.4934000405651
(1, 0, 1, 2, 2, 0, 12) && AIC: 1525.7888829826488
(0, 2, 2, 0, 2, 0, 12) && AIC: 1845.5677375988446
(2, 2, 1, 0, 2, 1, 12) && AIC: 1611.556225839689
(1, 1, 1, 2, 0, 0, 12) && AIC: 1694.4374829147005
(0, 1, 1, 0, 0, 0, 12) && AIC: 2030.0757991768642
(0, 1, 2, 2, 0, 1, 12) && AIC: 1696.9474435502498
(2, 0, 1, 2, 0, 2, 12) && AIC: 1683.0286967975978
(0, 2, 2, 0, 0, 0, 12) && AIC: 2015.7344836556795
(1, 2, 0, 1, 0, 1, 12) && AIC: 1894.872018486853
(1, 2, 2, 0, 2, 2, 12) && AIC: 1443.45025841138
(2, 2, 0, 1, 0, 2, 12) && AIC: 1735.581609874495
(1, 0, 2, 1, 1, 1, 12) && AIC: 1669.8752206751815
(0, 0, 0, 0, 1, 0, 12) && AIC: 1968.9796394421323
(2, 1, 0, 2, 0, 1, 12) && AIC: 1674.3470390719592
(1, 2, 2, 2, 2, 1, 12) && AIC: 1475.3852114171866
(2, 2, 1, 1, 1, 1, 12) && AIC: 1671.5576871089665
(2, 1, 2, 0, 0, 2, 12) && AIC: 1705.8940384650887
(2, 2, 0, 0, 0, 2, 12) && AIC: 1793.0171517309045
(1, 1, 2, 2, 1, 0, 12) && AIC: 1572.2285992842058
(1, 2, 0, 2, 1, 1, 12) && AIC: 1631.454586608011
(1, 0, 0, 1, 2, 0, 12) && AIC: 1699.9111171019015
(0, 2, 2, 1, 2, 0, 12) && AIC: 1687.1077370908476
(1, 0, 2, 2, 0, 1, 12) && AIC: 1693.305045470388
(0, 0, 1, 2, 2, 2, 12) && AIC: 1550.373396346583
(1, 1, 1, 1, 0, 0, 12) && AIC: 1825.3790190100935
(0, 1, 1, 1, 0, 0, 12) && AIC: 1834.3929824045174
(0, 2, 0, 2, 1, 2, 12) && AIC: 1731.8048704536
(1, 1, 0, 1, 0, 1, 12) && AIC: 1806.9749585921536
(1, 0, 0, 1, 0, 0, 12) && AIC: 1860.2371363789534
(0, 2, 2, 1, 0, 0, 12) && AIC: 1832.9050522107427
(2, 1, 1, 2, 2, 2, 12) && AIC: 1470.0187024575696
(0, 0, 1, 2, 1, 2, 12) && AIC: 1648.3460092090086
(0, 2, 0, 2, 2, 2, 12) && AIC: 1621.0192611976092
(0, 2, 1, 2, 1, 0, 12) && AIC: 1601.534421059772
(2, 0, 2, 2, 0, 2, 12) && AIC: 1675.5193169612435
(0, 0, 0, 1, 1, 0, 12) && AIC: 1850.979693523374
(0, 0, 1, 1, 2, 1, 12) && AIC: 1679.6684959800068
(2, 0, 0, 0, 0, 1, 12) && AIC: 1881.5741748061885
(2, 0, 2, 1, 2, 2, 12) && AIC: 1491.9690220544835
(2, 2, 2, 0, 2, 1, 12) && AIC: 1602.5713959613981
(2, 2, 1, 2, 2, 0, 12) && AIC: 1505.0112238208249
(2, 0, 0, 2, 1, 0, 12) && AIC: 1565.3440165954544
(1, 2, 1, 1, 1, 0, 12) && AIC: 1696.145898329116
(0, 1, 2, 0, 0, 2, 12) && AIC: 1707.7503641344574
(1, 0, 0, 0, 2, 0, 12) && AIC: 1881.3331840894236
(2, 2, 2, 2, 2, 0, 12) && AIC: 1504.4341182539201
(1, 1, 2, 1, 1, 0, 12) && AIC: 1702.4417903117119
(1, 0, 0, 2, 1, 1, 12) && AIC: 1594.697388368133
(1, 1, 1, 0, 0, 0, 12) && AIC: 2025.2710587291924
(1, 2, 2, 0, 1, 2, 12) && AIC: 1535.0303185430762
(2, 2, 2, 2, 0, 0, 12) && AIC: 1682.467232469387
(1, 0, 0, 0, 0, 0, 12) && AIC: 2079.194991964559
(0, 1, 1, 2, 1, 1, 12) && AIC: 1569.9817883730666
(0, 2, 1, 1, 1, 0, 12) && AIC: 1746.0983499842641
(0, 1, 2, 1, 0, 2, 12) && AIC: 1664.8017153561807
(0, 0, 0, 2, 1, 0, 12) && AIC: 1720.7589030438508
(0, 1, 1, 0, 2, 0, 12) && AIC: 1861.8247150777956
(2, 1, 0, 0, 0, 2, 12) && AIC: 1730.5426678374633
(2, 1, 1, 1, 1, 1, 12) && AIC: 1673.9953367404119
(1, 1, 1, 2, 2, 1, 12) && AIC: 1477.05945972439
(0, 0, 2, 1, 0, 1, 12) && AIC: 1893.2055545459712
(2, 1, 0, 1, 0, 2, 12) && AIC: 1683.782942794461
(2, 0, 1, 0, 1, 2, 12) && AIC: 1556.5046998188443
(2, 0, 1, 1, 1, 2, 12) && AIC: 1556.0309749177552
(2, 2, 0, 2, 1, 2, 12) && AIC: 1599.981294215399
(2, 2, 2, 1, 1, 1, 12) && AIC: 1662.0064101715552
(2, 2, 0, 0, 2, 1, 12) && AIC: 1674.4887475322325
(1, 1, 0, 2, 0, 2, 12) && AIC: 1684.1795327341915
(0, 1, 0, 1, 2, 1, 12) && AIC: 1643.067938403318
(1, 1, 1, 1, 2, 0, 12) && AIC: 1675.6029492453538
(0, 1, 1, 1, 2, 0, 12) && AIC: 1689.993705048625
(1, 2, 1, 0, 1, 1, 12) && AIC: 1667.9502010089607
(2, 0, 2, 1, 1, 2, 12) && AIC: 1548.18403816141
(1, 2, 1, 2, 2, 2, 12) && AIC: 1456.374310712132
(2, 1, 2, 1, 2, 1, 12) && AIC: 1588.5572238202558
(2, 1, 1, 2, 0, 1, 12) && AIC: 1674.2925279262572
(0, 2, 0, 1, 2, 1, 12) && AIC: 1785.0133175116025
(0, 2, 2, 2, 0, 0, 12) && AIC: 1703.1122196931674
(2, 2, 1, 2, 0, 1, 12) && AIC: 1673.3225754870916
(1, 1, 1, 0, 2, 0, 12) && AIC: 1862.8361669111841
(0, 2, 2, 0, 1, 1, 12) && AIC: 1659.4363145864772
(1, 2, 0, 1, 1, 0, 12) && AIC: 1778.2747045641474
(2, 0, 1, 0, 2, 2, 12) && AIC: 1465.2837028778117
(0, 2, 2, 2, 2, 0, 12) && AIC: 1527.4927313547978
(1, 2, 2, 2, 0, 2, 12) && AIC: 1663.413027542514
(0, 0, 1, 0, 1, 1, 12) && AIC: 1782.7565723762289
(0, 1, 0, 2, 2, 0, 12) && AIC: 1550.9165181428693
(0, 1, 2, 2, 1, 2, 12) && AIC: 1541.901168998947
(0, 1, 0, 0, 1, 1, 12) && AIC: 1717.0579729743524
(2, 0, 2, 0, 0, 1, 12) && AIC: 1855.138987555872
(0, 1, 0, 2, 0, 0, 12) && AIC: 1741.277342467869
(0, 0, 2, 2, 0, 2, 12) && AIC: 1734.1127194720882
(0, 1, 2, 1, 2, 1, 12) && AIC: 1589.804265534895
(1, 0, 2, 2, 2, 2, 12) && AIC: 1465.5154519962086
(2, 0, 1, 1, 2, 2, 12) && AIC: 1467.2833698401996
(2, 2, 0, 2, 2, 2, 12) && AIC: 1501.065578676771
(2, 1, 2, 2, 2, 0, 12) && AIC: 1507.8402812298116
(1, 0, 1, 1, 0, 2, 12) && AIC: 1682.812094417165
(2, 1, 2, 0, 1, 1, 12) && AIC: 1663.7665485050125
(1, 0, 2, 0, 2, 1, 12) && AIC: 1607.9321742033849
(1, 2, 1, 2, 1, 2, 12) && AIC: 1546.3975625845105
(1, 2, 2, 1, 0, 1, 12) && AIC: 1785.7485638397059
(1, 0, 0, 1, 1, 1, 12) && AIC: 1716.67837168164
(1, 0, 1, 0, 0, 2, 12) && AIC: 1727.7160343488786
(0, 2, 1, 0, 1, 0, 12) && AIC: 1872.0460201488459
(1, 1, 0, 1, 1, 2, 12) && AIC: 1557.0679966859423
(1, 1, 2, 2, 1, 1, 12) && AIC: 1560.129076265629
(1, 2, 0, 2, 1, 0, 12) && AIC: 1641.5756162718528
(1, 1, 0, 0, 1, 2, 12) && AIC: 1557.790362818378
(0, 2, 1, 2, 0, 1, 12) && AIC: 1732.0025405258054
(0, 2, 0, 0, 0, 2, 12) && AIC: 1908.9500433677354
(0, 2, 2, 1, 2, 1, 12) && AIC: 1587.6442533920176
(0, 0, 0, 1, 0, 1, 12) && AIC: 1971.3664943532804
(2, 0, 0, 0, 1, 0, 12) && AIC: 1836.0161159912761
(1, 1, 0, 2, 2, 1, 12) && AIC: 1475.3548573383946
(0, 1, 1, 1, 0, 1, 12) && AIC: 1798.752802232715
(2, 1, 1, 0, 1, 0, 12) && AIC: 1832.4055614971844
(2, 0, 1, 2, 1, 1, 12) && AIC: 1555.997845741294
(2, 2, 1, 0, 0, 2, 12) && AIC: 1714.5879516672244
(0, 0, 1, 1, 1, 0, 12) && AIC: 1804.888253562809
(1, 1, 2, 1, 0, 1, 12) && AIC: 1789.6774763153157
(0, 1, 2, 2, 2, 2, 12) && AIC: 1451.7704127403995
(1, 0, 0, 2, 0, 0, 12) && AIC: 1728.3588543696287
(2, 2, 2, 0, 0, 0, 12) && AIC: 2014.0438379031793
(1, 2, 1, 1, 2, 1, 12) && AIC: 1594.9495221164061
(2, 2, 2, 2, 1, 1, 12) && AIC: 1558.9603155323448
(2, 2, 1, 1, 0, 2, 12) && AIC: 1672.0917643847488
(2, 2, 2, 0, 2, 0, 12) && AIC: 1842.6138407039111
(1, 0, 0, 2, 2, 0, 12) && AIC: 1535.1247089007034
(2, 1, 0, 2, 2, 2, 12) && AIC: 1460.870711507453
(1, 0, 0, 0, 2, 1, 12) && AIC: 1644.9621246665884
(1, 0, 2, 1, 0, 2, 12) && AIC: 1672.7675660798632
(1, 0, 2, 2, 1, 2, 12) && AIC: 1548.8664231856692
(1, 1, 1, 0, 0, 1, 12) && AIC: 1852.064586166755
(2, 1, 0, 2, 1, 2, 12) && AIC: 1550.5261105461268
(0, 2, 1, 1, 1, 1, 12) && AIC: 1704.863649260148
(2, 0, 0, 1, 1, 0, 12) && AIC: 1694.1918228269342
(0, 0, 0, 2, 1, 1, 12) && AIC: 1710.8525035823754
(0, 0, 2, 1, 1, 2, 12) && AIC: 1597.7824838761362
(1, 1, 0, 1, 2, 2, 12) && AIC: 1467.735472418553
(2, 1, 1, 1, 1, 0, 12) && AIC: 1689.9056340283007
(0, 0, 2, 0, 1, 2, 12) && AIC: 1604.5141351942602
(2, 1, 0, 1, 2, 1, 12) && AIC: 1598.6662224660467
(2, 1, 2, 2, 0, 0, 12) && AIC: 1684.6243205693045
(2, 2, 2, 1, 0, 0, 12) && AIC: 1813.2471063834155
(1, 1, 2, 0, 1, 2, 12) && AIC: 1539.8377309081557
(0, 0, 2, 2, 2, 1, 12) && AIC: 1535.8802943679987
(2, 0, 1, 1, 0, 1, 12) && AIC: 1805.0077406770697
(2, 2, 0, 2, 0, 1, 12) && AIC: 1725.7094457657156
(2, 2, 2, 1, 2, 0, 12) && AIC: 1658.4866806411956
(1, 1, 0, 0, 2, 2, 12) && AIC: 1465.7365058090204
(1, 2, 0, 0, 1, 0, 12) && AIC: 1932.3070605155558
(1, 1, 2, 0, 2, 2, 12) && AIC: 1450.6042402399216
(1, 0, 1, 2, 1, 2, 12) && AIC: 1560.0695948034781
(0, 1, 0, 1, 0, 0, 12) && AIC: 1873.0882034608453
(1, 2, 1, 0, 0, 2, 12) && AIC: 1714.0290800676578
(2, 1, 1, 2, 1, 0, 12) && AIC: 1559.550866226209
(0, 1, 1, 2, 0, 2, 12) && AIC: 1675.5610311750781
(2, 2, 0, 1, 1, 1, 12) && AIC: 1725.8349845277075
(0, 1, 0, 1, 2, 0, 12) && AIC: 1726.507189481934
(0, 2, 0, 1, 0, 2, 12) && AIC: 1874.650459377116
(2, 1, 2, 1, 0, 0, 12) && AIC: 1813.3199368372505
(2, 1, 2, 1, 2, 0, 12) && AIC: 1660.6254997678661
(1, 1, 1, 2, 0, 2, 12) && AIC: 1675.1836696376165
(0, 0, 2, 1, 2, 2, 12) && AIC: 1502.239449308313
(0, 1, 0, 0, 0, 0, 12) && AIC: 2069.499656780328
(0, 0, 0, 0, 1, 2, 12) && AIC: 1709.7409675857339
(0, 2, 0, 2, 0, 1, 12) && AIC: 1889.255301189267
(2, 0, 2, 2, 2, 1, 12) && AIC: 1481.0898766144298
(0, 1, 0, 0, 2, 0, 12) && AIC: 1905.421563323017
(0, 0, 2, 0, 2, 2, 12) && AIC: 1500.2459351309262
(1, 0, 2, 0, 0, 2, 12) && AIC: 1719.5071526532824
(1, 2, 0, 1, 1, 1, 12) && AIC: 1764.1178286729132
(2, 0, 2, 0, 2, 0, 12) && AIC: 1849.296049736035
(2, 1, 2, 0, 0, 0, 12) && AIC: 2017.9438974701116
(0, 0, 0, 0, 2, 2, 12) && AIC: 1594.9859570353415
(0, 0, 1, 0, 1, 0, 12) && AIC: 1910.6579886285078
(0, 1, 0, 2, 2, 1, 12) && AIC: 1509.4930751342567
(2, 0, 2, 0, 0, 0, 12) && AIC: 2029.4086741987935
(2, 2, 0, 0, 1, 0, 12) && AIC: 1897.1549349983607
(1, 0, 1, 2, 2, 2, 12) && AIC: 1475.993539455797
(0, 1, 2, 0, 1, 1, 12) && AIC: 1664.1844041159463
(2, 1, 2, 2, 2, 1, 12) && AIC: 1467.8513400261666
(1, 2, 0, 2, 0, 1, 12) && AIC: 1763.9661059733319
(1, 2, 2, 1, 2, 0, 12) && AIC: 1671.4451264137974
(1, 0, 1, 0, 2, 1, 12) && AIC: 1619.5885323995394
(0, 2, 1, 0, 2, 1, 12) && AIC: 1642.951875788992
(1, 2, 2, 1, 0, 0, 12) && AIC: 1822.5776232973074
(1, 1, 0, 0, 0, 1, 12) && AIC: 1871.1585820664036
(1, 1, 2, 1, 2, 2, 12) && AIC: 1450.3744961535317
(2, 1, 0, 0, 1, 1, 12) && AIC: 1682.9499672396792
(2, 0, 2, 1, 2, 0, 12) && AIC: 1668.6464701779355
(2, 2, 1, 2, 2, 2, 12) && AIC: 1458.179695902266
(0, 1, 1, 0, 1, 2, 12) && AIC: 1548.7982069142772
(2, 0, 0, 0, 1, 1, 12) && AIC: 1688.4374545416233
(2, 2, 1, 2, 1, 2, 12) && AIC: 1548.0497971730438
(2, 0, 0, 2, 2, 2, 12) && AIC: 1473.5205627245448
(1, 2, 2, 0, 2, 0, 12) && AIC: 1846.272658444549
(2, 0, 1, 2, 1, 0, 12) && AIC: 1567.3064606196544
(1, 2, 2, 2, 1, 1, 12) && AIC: 1556.4738277973988
(2, 2, 1, 1, 2, 1, 12) && AIC: 1596.8572043108486
(1, 0, 0, 2, 0, 1, 12) && AIC: 1719.1046441953936
(1, 2, 2, 0, 0, 0, 12) && AIC: 2012.383041219156
(0, 1, 2, 1, 1, 0, 12) && AIC: 1713.8030336956542
(0, 0, 1, 2, 1, 0, 12) && AIC: 1675.9307748694039
(2, 1, 1, 1, 0, 1, 12) && AIC: 1797.9298321416093
(1, 1, 1, 1, 1, 2, 12) && AIC: 1548.3934745931429
(0, 2, 1, 1, 0, 2, 12) && AIC: 1706.4736917011278
(2, 1, 2, 0, 2, 0, 12) && AIC: 1841.684821640025
(2, 0, 1, 1, 1, 0, 12) && AIC: 1696.1421547227776
(0, 2, 1, 2, 2, 2, 12) && AIC: 1487.0144348171918
(2, 2, 0, 2, 1, 0, 12) && AIC: 1603.8763774628515
(0, 0, 0, 1, 2, 2, 12) && AIC: 1596.9521245779226
(0, 0, 2, 0, 0, 1, 12) && AIC: 1999.4265562161775
(2, 1, 0, 1, 1, 0, 12) && AIC: 1691.3624074017848
(0, 2, 2, 1, 0, 2, 12) && AIC: 1662.3006243776501
(0, 1, 1, 1, 2, 2, 12) && AIC: 1459.0410536595246
(1, 1, 2, 2, 0, 2, 12) && AIC: 1666.8575896010439
(2, 2, 2, 1, 0, 1, 12) && AIC: 1787.59978655219
(1, 1, 2, 1, 1, 2, 12) && AIC: 1539.8571108841672
(0, 2, 2, 0, 0, 2, 12) && AIC: 1700.8462799218128
(1, 1, 0, 2, 1, 0, 12) && AIC: 1569.0858030791671
(1, 2, 1, 1, 0, 2, 12) && AIC: 1670.5225155217065
(0, 1, 1, 1, 1, 2, 12) && AIC: 1549.522420345554
(0, 1, 1, 0, 2, 2, 12) && AIC: 1457.041918693138
(2, 0, 0, 2, 1, 2, 12) && AIC: 1555.4623070883783
(2, 0, 2, 1, 0, 0, 12) && AIC: 1823.5808577250625
(0, 1, 1, 2, 2, 1, 12) && AIC: 1487.244377419992
(2, 1, 1, 2, 1, 1, 12) && AIC: 1548.1307872390444
(1, 0, 0, 0, 0, 2, 12) && AIC: 1767.94271315692
(1, 0, 1, 1, 1, 1, 12) && AIC: 1681.024125800304
(2, 2, 0, 1, 1, 0, 12) && AIC: 1741.9978831715316
(1, 1, 1, 0, 2, 2, 12) && AIC: 1456.9182728036885
(1, 2, 1, 2, 0, 1, 12) && AIC: 1685.6738207717221
(1, 0, 0, 1, 0, 2, 12) && AIC: 1717.122030679309
(0, 2, 0, 0, 2, 1, 12) && AIC: 1798.713598505774
(1, 1, 1, 0, 1, 2, 12) && AIC: 1548.506949122669
(1, 1, 1, 1, 2, 2, 12) && AIC: 1458.9182728495102
(0, 2, 0, 2, 2, 0, 12) && AIC: 1671.3773495096393
(0, 0, 1, 0, 0, 1, 12) && AIC: 2083.4005834477493
(0, 2, 1, 2, 1, 2, 12) && AIC: 1581.0046213876544
(0, 0, 0, 2, 0, 2, 12) && AIC: 1836.1752948159296
(2, 0, 0, 1, 2, 1, 12) && AIC: 1601.8464327207748
(0, 0, 0, 1, 1, 2, 12) && AIC: 1699.3278116034526
(2, 0, 2, 2, 0, 0, 12) && AIC: 1692.9903841561268
(0, 1, 0, 0, 0, 1, 12) && AIC: 1894.5241682176509
(2, 0, 2, 0, 1, 1, 12) && AIC: 1672.2544094072314
(0, 2, 0, 2, 0, 0, 12) && AIC: 1896.8776343416368
(1, 2, 0, 2, 2, 2, 12) && AIC: 1534.446551089607
(2, 0, 2, 2, 2, 0, 12) && AIC: 1518.9310186837652
(0, 0, 2, 2, 1, 0, 12) && AIC: 1638.265003727386
(2, 2, 1, 0, 1, 1, 12) && AIC: 1669.564819637332
(2, 1, 2, 0, 0, 1, 12) && AIC: 1842.8064804678675
(1, 2, 0, 0, 2, 1, 12) && AIC: 1695.517725567722
(2, 2, 2, 2, 0, 2, 12) && AIC: 1665.112414389245
(1, 0, 2, 1, 2, 1, 12) && AIC: 1594.8264688033923
(1, 0, 1, 2, 0, 1, 12) && AIC: 1694.3487787395566
(1, 2, 2, 1, 1, 1, 12) && AIC: 1661.0371784289814
(1, 1, 0, 0, 1, 0, 12) && AIC: 1845.8931311144866
(1, 0, 1, 0, 1, 0, 12) && AIC: 1841.3814389216318
(2, 1, 1, 0, 1, 2, 12) && AIC: 1548.1535981422421
(0, 1, 2, 0, 1, 0, 12) && AIC: 1828.5707461301267
(0, 2, 0, 1, 1, 1, 12) && AIC: 1873.2040033467601
(0, 2, 2, 2, 1, 2, 12) && AIC: 1538.7371768994578
(0, 2, 2, 0, 2, 1, 12) && AIC: 1600.5354512118397
(2, 0, 1, 0, 1, 0, 12) && AIC: 1837.806879599885
(2, 1, 1, 0, 2, 2, 12) && AIC: 1459.45586826555
(2, 1, 0, 0, 1, 0, 12) && AIC: 1837.525988551124
(2, 0, 1, 2, 0, 1, 12) && AIC: 1681.7480521654352
(0, 0, 1, 1, 2, 2, 12) && AIC: 1547.6829677387768
(2, 0, 0, 0, 0, 2, 12) && AIC: 1740.2333629617633
(2, 0, 2, 1, 2, 1, 12) && AIC: 1601.5076575232406
(1, 2, 2, 2, 0, 0, 12) && AIC: 1691.3289875083756
(1, 1, 2, 0, 0, 1, 12) && AIC: 1841.8702812116583
(1, 2, 2, 2, 2, 0, 12) && AIC: 1516.2059774718962
(2, 2, 1, 1, 1, 0, 12) && AIC: 1687.536651662252
(0, 1, 0, 2, 0, 2, 12) && AIC: 1720.0106870960105
(1, 0, 0, 2, 1, 2, 12) && AIC: 1593.9917611334854
(1, 0, 2, 2, 2, 0, 12) && AIC: 1525.4574815166918
(1, 0, 2, 0, 1, 1, 12) && AIC: 1671.6779836142414
(1, 2, 1, 2, 2, 0, 12) && AIC: 1514.2464771641398
(1, 2, 0, 1, 0, 2, 12) && AIC: 1763.2882163816166
(1, 2, 2, 0, 2, 1, 12) && AIC: 1600.5709121547425
(1, 2, 0, 2, 1, 2, 12) && AIC: 1633.2798547666355
(1, 0, 0, 1, 2, 1, 12) && AIC: 1636.4551840206598
(1, 0, 2, 2, 0, 0, 12) && AIC: 1703.4595736093743
(0, 0, 2, 0, 1, 0, 12) && AIC: 1859.554652279299
(2, 1, 2, 2, 0, 2, 12) && AIC: 1666.9335215166375
(0, 2, 1, 0, 0, 2, 12) && AIC: 1744.7176190784194
(2, 0, 1, 1, 1, 1, 12) && AIC: 1678.5755547145081
(2, 2, 0, 2, 1, 1, 12) && AIC: 1594.1765208046627
(2, 2, 2, 1, 1, 2, 12) && AIC: 1536.5432555923212
(0, 2, 2, 2, 2, 2, 12) && AIC: 1447.680682976021
(1, 1, 1, 2, 1, 1, 12) && AIC: 1558.5643321200464
(2, 2, 2, 0, 1, 2, 12) && AIC: 1535.252085249319
(0, 1, 2, 2, 1, 0, 12) && AIC: 1581.4952032608935
(0, 0, 1, 1, 1, 2, 12) && AIC: 1646.2516110657457
(1, 2, 1, 1, 1, 1, 12) && AIC: 1669.9429584982495
(2, 2, 2, 2, 2, 1, 12) && AIC: 1464.5213350488903
(0, 0, 0, 0, 0, 1, 12) && AIC: 2212.7025956817424
(0, 1, 1, 0, 0, 1, 12) && AIC: 1853.5429501723038
(2, 1, 0, 2, 1, 0, 12) && AIC: 1560.644938043828
(0, 1, 1, 2, 1, 0, 12) && AIC: 1579.9666341546658
(2, 2, 0, 1, 0, 1, 12) && AIC: 1854.7905573748037
(1, 0, 0, 2, 2, 2, 12) && AIC: 1500.8124592137506
(2, 1, 1, 1, 2, 2, 12) && AIC: 1459.285806472718
(1, 2, 1, 0, 2, 1, 12) && AIC: 1609.756391341596
(1, 1, 0, 1, 1, 0, 12) && AIC: 1699.4978809285185
(1, 0, 1, 1, 1, 0, 12) && AIC: 1710.1829076605263
(0, 2, 0, 0, 0, 0, 12) && AIC: 2231.824309719188
(0, 0, 1, 2, 2, 1, 12) && AIC: 1569.7061337508771
(1, 2, 1, 2, 0, 0, 12) && AIC: 1689.7149609167332
(1, 1, 1, 1, 0, 1, 12) && AIC: 1798.2708315013037
(0, 2, 0, 2, 1, 1, 12) && AIC: 1741.3304330027704
(0, 2, 0, 0, 2, 0, 12) && AIC: 2057.00225300723
(1, 2, 0, 0, 0, 2, 12) && AIC: 1814.5823760662722
(2, 2, 2, 1, 2, 2, 12) && AIC: 1447.7663175043006
(0, 1, 0, 0, 1, 2, 12) && AIC: 1591.5367083906572
(0, 1, 0, 1, 1, 2, 12) && AIC: 1593.2618459433315
(2, 0, 0, 2, 0, 1, 12) && AIC: 1679.7869112640287
(2, 2, 0, 0, 1, 2, 12) && AIC: 1607.1708425096522
(1, 0, 1, 2, 1, 0, 12) && AIC: 1577.8468320256495
(2, 2, 2, 0, 2, 2, 12) && AIC: 1444.3328760418465
(2, 2, 0, 0, 2, 2, 12) && AIC: 1508.248220718174
(2, 1, 2, 1, 1, 2, 12) && AIC: 1539.5846944229368
(2, 2, 1, 0, 1, 0, 12) && AIC: 1833.7466519416885
(0, 1, 2, 0, 0, 1, 12) && AIC: 1844.0503073565014
(0, 2, 0, 1, 0, 0, 12) && AIC: 2039.8528681630964
(1, 0, 2, 1, 0, 0, 12) && AIC: 1834.2465691493783
(1, 0, 2, 1, 2, 0, 12) && AIC: 1680.47969323474
(0, 2, 0, 1, 2, 0, 12) && AIC: 1872.4131700946025
(0, 2, 2, 2, 0, 1, 12) && AIC: 1698.3919370027193
(1, 1, 0, 0, 1, 1, 12) && AIC: 1681.3869171585307
(0, 0, 2, 1, 1, 0, 12) && AIC: 1763.0628180630365
(2, 1, 0, 0, 0, 1, 12) && AIC: 1869.8153349295185
(2, 1, 1, 2, 0, 2, 12) && AIC: 1675.0937650984263
(2, 1, 1, 1, 1, 2, 12) && AIC: 1548.2701901908226
(0, 0, 0, 0, 2, 0, 12) && AIC: 1939.54805115993
(2, 0, 1, 0, 2, 1, 12) && AIC: 1616.9992716525808
(0, 0, 1, 0, 2, 2, 12) && AIC: 1545.6902535624113
(2, 0, 0, 1, 0, 2, 12) && AIC: 1689.093682938594
(1, 1, 2, 2, 2, 1, 12) && AIC: 1479.1943265499763
(0, 2, 2, 1, 1, 1, 12) && AIC: 1661.4319343293741
(1, 1, 2, 0, 2, 0, 12) && AIC: 1851.539686618819
(0, 1, 0, 0, 2, 2, 12) && AIC: 1493.9831090806097
(1, 0, 2, 0, 0, 0, 12) && AIC: 2030.2131549818698
(1, 2, 1, 0, 0, 0, 12) && AIC: 2035.3307025298236
(0, 1, 2, 1, 1, 2, 12) && AIC: 1539.9057696569034
(1, 2, 2, 2, 0, 1, 12) && AIC: 1684.7262021426125
(1, 1, 2, 0, 0, 0, 12) && AIC: 2016.271618138407
(1, 0, 2, 0, 2, 0, 12) && AIC: 1849.1978039576898
(0, 1, 0, 1, 2, 2, 12) && AIC: 1495.9830387221482
(2, 1, 2, 0, 2, 2, 12) && AIC: 1448.373231084001
(0, 2, 1, 2, 2, 0, 12) && AIC: 1546.9257327837577
(0, 1, 2, 1, 2, 2, 12) && AIC: 1449.9746677915093
(1, 0, 2, 2, 2, 1, 12) && AIC: 1484.6825119754665
(0, 2, 1, 0, 1, 1, 12) && AIC: 1702.8683881109732
(2, 1, 2, 0, 1, 2, 12) && AIC: 1539.1498946117738
(2, 1, 2, 1, 2, 2, 12) && AIC: 1450.3690525716438
(1, 0, 0, 0, 1, 1, 12) && AIC: 1715.9785372081537
(0, 0, 2, 0, 1, 1, 12) && AIC: 1729.6911572445676
(2, 1, 0, 1, 2, 2, 12) && AIC: 1469.5168606821726
(1, 1, 2, 1, 2, 0, 12) && AIC: 1678.1416082606916
(1, 1, 0, 2, 1, 2, 12) && AIC: 1558.9860211354985
(1, 2, 1, 1, 0, 0, 12) && AIC: 1821.8395953992629
(2, 0, 1, 2, 2, 2, 12) && AIC: 1475.5192527337106
(0, 2, 1, 1, 2, 1, 12) && AIC: 1630.1972613973262
(1, 1, 2, 1, 0, 0, 12) && AIC: 1825.5146296722419
(2, 2, 0, 1, 2, 2, 12) && AIC: 1510.2105165858034
(0, 0, 0, 2, 2, 1, 12) && AIC: 1608.0642973251252
(0, 1, 1, 0, 1, 0, 12) && AIC: 1837.563415761169
(2, 2, 2, 0, 0, 1, 12) && AIC: 1838.9626933945942
(2, 0, 2, 1, 0, 2, 12) && AIC: 1672.9966959896822
(0, 2, 2, 0, 1, 0, 12) && AIC: 1823.5163190835885
(1, 1, 0, 2, 2, 2, 12) && AIC: 1469.597244076073
(1, 1, 1, 2, 1, 0, 12) && AIC: 1570.534976958318
(0, 0, 1, 0, 1, 2, 12) && AIC: 1653.7193124254857
(2, 0, 2, 0, 0, 2, 12) && AIC: 1728.2038293634769
(0, 0, 0, 0, 0, 0, 12) && AIC: 2523.006123121512
(1, 2, 2, 0, 0, 2, 12) && AIC: 1702.6381618387825
(1, 0, 1, 1, 0, 1, 12) && AIC: 1807.2885292420679
(1, 2, 1, 2, 1, 1, 12) && AIC: 1555.0245478349468
(1, 1, 1, 1, 1, 0, 12) && AIC: 1701.3146943904958
(1, 2, 2, 1, 0, 2, 12) && AIC: 1661.4282484029022
(1, 2, 1, 0, 2, 0, 12) && AIC: 1856.3272385281755
(1, 0, 0, 1, 1, 0, 12) && AIC: 1731.5815711539233
(0, 0, 0, 1, 2, 0, 12) && AIC: 1780.950995573821
(2, 1, 0, 1, 1, 2, 12) && AIC: 1558.7241494173377
(2, 1, 1, 0, 0, 1, 12) && AIC: 1851.2130739724407
(0, 0, 2, 2, 1, 2, 12) && AIC: 1599.7562127392666
(0, 2, 1, 2, 0, 0, 12) && AIC: 1737.8248157063115
(0, 0, 1, 1, 0, 1, 12) && AIC: 1911.708884028951
(2, 0, 0, 0, 2, 1, 12) && AIC: 1625.8462232898366
(0, 0, 0, 1, 0, 0, 12) && AIC: 1981.136389977115
(0, 1, 0, 1, 0, 1, 12) && AIC: 1846.302711254339
(0, 1, 2, 0, 2, 2, 12) && AIC: 1447.9746801054491
(2, 2, 1, 2, 1, 0, 12) && AIC: 1556.4587238917798
(2, 0, 0, 2, 2, 0, 12) && AIC: 1512.2374638597141
(0, 0, 2, 2, 2, 2, 12) && AIC: 1505.5952759419379
(2, 0, 1, 1, 0, 2, 12) && AIC: 1680.880207218936
(2, 0, 1, 2, 1, 2, 12) && AIC: 1557.4255645537492
(2, 2, 1, 0, 0, 1, 12) && AIC: 1854.3780168884844
(2, 2, 0, 2, 0, 2, 12) && AIC: 1727.2695959655928
(2, 2, 0, 1, 1, 2, 12) && AIC: 1604.956117229333
(0, 1, 2, 2, 2, 1, 12) && AIC: 1488.6725059114642
(2, 0, 0, 2, 0, 0, 12) && AIC: 1689.367851190013
(1, 2, 0, 1, 2, 1, 12) && AIC: 1678.1597540194043
(1, 2, 1, 1, 2, 0, 12) && AIC: 1669.445228908668
(2, 2, 2, 2, 1, 0, 12) && AIC: 1557.8767215894263
(0, 2, 2, 2, 1, 0, 12) && AIC: 1577.8247963048593
(1, 0, 1, 2, 1, 1, 12) && AIC: 1568.4712076635428
(0, 1, 0, 2, 1, 1, 12) && AIC: 1604.4289691693211
(1, 0, 1, 0, 2, 2, 12) && AIC: 1466.6809137058149
(2, 1, 0, 2, 2, 1, 12) && AIC: 1466.5092948335864
(0, 2, 1, 1, 0, 0, 12) && AIC: 1869.9863290071817
(0, 2, 0, 1, 0, 1, 12) && AIC: 2014.0573384392874
(0, 0, 0, 2, 0, 0, 12) && AIC: 1851.4446470202631
(0, 0, 2, 1, 2, 1, 12) && AIC: 1632.219716429523
(2, 1, 2, 2, 1, 1, 12) && AIC: 1549.9338344096573
(0, 0, 1, 2, 0, 2, 12) && AIC: 1785.5330458738404
(2, 0, 0, 1, 1, 1, 12) && AIC: 1676.6284433463798
(2, 0, 2, 2, 1, 2, 12) && AIC: 1549.3347086924064
(1, 1, 0, 1, 2, 1, 12) && AIC: 1607.3718575117105
(1, 1, 2, 2, 0, 0, 12) && AIC: 1695.2588002084444
(1, 1, 2, 0, 1, 1, 12) && AIC: 1664.3916719764754
(1, 1, 2, 2, 2, 0, 12) && AIC: 1519.8714693912007
(0, 1, 1, 1, 1, 0, 12) && AIC: 1713.4588380249543
(1, 2, 0, 2, 2, 0, 12) && AIC: 1579.5590766112578
(1, 2, 2, 2, 1, 2, 12) && AIC: 1538.0608743860716
(2, 2, 1, 1, 2, 2, 12) && AIC: 1456.1865667692275
(0, 2, 2, 1, 1, 0, 12) && AIC: 1711.2952344564656
(1, 2, 0, 0, 1, 1, 12) && AIC: 1762.2617817607327
(0, 2, 1, 0, 0, 0, 12) && AIC: 2054.1784468342266
(1, 0, 2, 0, 0, 1, 12) && AIC: 1856.3125612728118
(0, 1, 2, 0, 1, 2, 12) && AIC: 1539.621573171933
(1, 2, 0, 2, 0, 0, 12) && AIC: 1773.2408213725103
(1, 2, 2, 1, 2, 1, 12) && AIC: 1586.0026957210534
