(2, 1, 1, 0, 2, 0, 12) && AIC: 2446.7985038907873
(1, 0, 1, 0, 1, 2, 12) && AIC: 2082.1900314903714
(0, 2, 1, 2, 2, 1, 12) && AIC: 2010.4920545341197
(2, 1, 0, 0, 2, 2, 12) && AIC: 1964.2486307198928
(2, 1, 2, 1, 0, 1, 12) && AIC: 2398.8327654625136
(2, 2, 2, 0, 1, 0, 12) && AIC: 2462.2241493806623
(2, 0, 1, 0, 0, 2, 12) && AIC: 2393.448245324679
(1, 1, 1, 0, 1, 0, 12) && AIC: 2466.400423808831
(1, 0, 0, 0, 1, 0, 12) && AIC: 2491.997317786971
(1, 1, 1, 2, 0, 1, 12) && AIC: 2253.446668377903
(1, 1, 0, 0, 0, 2, 12) && AIC: 2395.8116933495994
(1, 1, 2, 1, 2, 1, 12) && AIC: 2096.890555272158
(1, 2, 1, 1, 0, 1, 12) && AIC: 2453.247139773059
(0, 0, 0, 0, 1, 1, 12) && AIC: 2284.776080501766
(0, 2, 0, 2, 0, 2, 12) && AIC: 2492.2479760687747
(0, 2, 1, 1, 2, 0, 12) && AIC: 2287.497405268668
(2, 0, 2, 2, 2, 2, 12) && AIC: 1961.9906223723265
(0, 0, 0, 2, 2, 0, 12) && AIC: 2012.4602970043488
(0, 1, 1, 0, 1, 1, 12) && AIC: 2233.2425684790137
(1, 2, 2, 2, 2, 2, 12) && AIC: 2005.460362909086
(0, 1, 1, 2, 2, 2, 12) && AIC: 1922.7605870020352
(2, 0, 2, 0, 2, 1, 12) && AIC: 2140.9930823431373
(2, 2, 1, 1, 1, 2, 12) && AIC: 2088.4406305347948
(2, 2, 0, 0, 0, 1, 12) && AIC: 2678.5666456164986
(1, 0, 2, 2, 0, 2, 12) && AIC: 2244.3337528831726
(2, 1, 1, 2, 2, 1, 12) && AIC: 1925.3415558150148
(0, 2, 1, 0, 2, 0, 12) && AIC: 2515.0139235160786
(0, 1, 0, 1, 1, 0, 12) && AIC: 2363.687079305105
(1, 1, 1, 1, 1, 1, 12) && AIC: 2236.225530795346
(0, 1, 2, 2, 0, 2, 12) && AIC: 2226.0278461494436
(2, 1, 0, 0, 1, 2, 12) && AIC: 2108.722402184434
(0, 0, 1, 1, 2, 0, 12) && AIC: 2227.911163364345
(2, 0, 0, 0, 0, 0, 12) && AIC: 2887.2331688498193
(0, 0, 0, 1, 2, 1, 12) && AIC: 2151.9873399224934
(0, 0, 2, 0, 0, 2, 12) && AIC: 2535.7487015532565
(2, 2, 1, 2, 2, 1, 12) && AIC: 1941.5428641216185
(2, 1, 1, 0, 0, 0, 12) && AIC: 2813.2635476806236
(2, 0, 0, 2, 1, 1, 12) && AIC: 2096.8280281990556
(0, 0, 1, 1, 0, 0, 12) && AIC: 2506.5411739869633
(2, 0, 0, 0, 2, 0, 12) && AIC: 2455.84858383877
(1, 0, 0, 2, 1, 0, 12) && AIC: 2110.4030070308327
(1, 2, 0, 1, 0, 0, 12) && AIC: 2631.15347491401
(0, 1, 1, 2, 1, 2, 12) && AIC: 2069.780391894077
(1, 0, 1, 2, 0, 2, 12) && AIC: 2258.456720427045
(0, 1, 2, 1, 0, 1, 12) && AIC: 2395.6621325937595
(1, 0, 1, 1, 2, 2, 12) && AIC: 1936.8106910447596
(1, 2, 1, 2, 0, 2, 12) && AIC: 2279.2637079066108
(2, 1, 1, 1, 2, 0, 12) && AIC: 2190.3012472962587
(1, 2, 0, 1, 2, 0, 12) && AIC: 2348.5411847610158
(1, 1, 0, 1, 0, 2, 12) && AIC: 2301.378913829975
(0, 2, 0, 1, 1, 2, 12) && AIC: 2303.896200448472
(0, 2, 2, 2, 1, 1, 12) && AIC: 2090.8687878433875
(0, 0, 1, 0, 2, 0, 12) && AIC: 2454.0314109649203
(0, 1, 0, 2, 1, 0, 12) && AIC: 2174.4002836724876
(0, 2, 0, 0, 1, 2, 12) && AIC: 2301.9263127473782
(2, 0, 0, 1, 0, 0, 12) && AIC: 2480.6171370494367
(2, 1, 0, 1, 0, 1, 12) && AIC: 2443.068122171422
(0, 0, 1, 2, 1, 1, 12) && AIC: 2127.588215077216
(2, 1, 1, 1, 0, 0, 12) && AIC: 2457.3233308888357
(0, 2, 0, 2, 2, 1, 12) && AIC: 2136.345392611016
(2, 2, 2, 1, 1, 0, 12) && AIC: 2249.0686398039074
(2, 1, 2, 2, 1, 0, 12) && AIC: 2074.8008701110666
(0, 2, 2, 1, 0, 1, 12) && AIC: 2389.197260332212
(1, 2, 0, 0, 0, 0, 12) && AIC: 3004.8129649569473
(1, 1, 0, 2, 0, 1, 12) && AIC: 2299.8223280807906
(2, 2, 1, 0, 2, 2, 12) && AIC: 1942.830928930151
(0, 1, 1, 1, 2, 1, 12) && AIC: 2109.427192144296
(1, 2, 0, 0, 2, 0, 12) && AIC: 2606.0819497207085
(2, 0, 2, 1, 1, 1, 12) && AIC: 2245.5869555372074
(1, 0, 2, 0, 1, 2, 12) && AIC: 2069.9908816257284
(1, 0, 2, 1, 1, 2, 12) && AIC: 2071.569706414154
(1, 2, 0, 2, 2, 1, 12) && AIC: 2060.033431411456
(2, 1, 1, 2, 0, 0, 12) && AIC: 2251.316534962226
(2, 1, 2, 1, 1, 0, 12) && AIC: 2253.3006237928516
(0, 2, 1, 0, 0, 1, 12) && AIC: 2603.437271100046
(2, 1, 0, 2, 0, 2, 12) && AIC: 2269.15510667569
(0, 0, 2, 1, 0, 2, 12) && AIC: 2266.4769502273366
(1, 2, 2, 0, 1, 1, 12) && AIC: 2214.0678333052065
(1, 0, 0, 0, 0, 1, 12) && AIC: 2644.1979520595414
(0, 2, 0, 1, 2, 2, 12) && AIC: 2123.7830104042487
(1, 0, 1, 1, 1, 2, 12) && AIC: 2083.736265981821
(1, 1, 1, 0, 2, 1, 12) && AIC: 2144.753192153853
(0, 2, 2, 0, 1, 2, 12) && AIC: 2045.1081082481137
(2, 2, 2, 0, 1, 1, 12) && AIC: 2215.86873311185
(0, 2, 0, 0, 2, 2, 12) && AIC: 2122.148161902678
(0, 1, 0, 0, 1, 0, 12) && AIC: 2563.8911007671422
(0, 2, 2, 0, 2, 2, 12) && AIC: 1898.2065069902194
(1, 2, 1, 0, 1, 2, 12) && AIC: 2102.4133023349837
(0, 0, 2, 2, 0, 1, 12) && AIC: 2324.2448704599474
(0, 1, 1, 0, 0, 2, 12) && AIC: 2333.328187027248
(0, 0, 1, 0, 0, 0, 12) && AIC: 3216.96581777752
(2, 0, 0, 1, 2, 0, 12) && AIC: 2200.488892044419
(2, 0, 1, 1, 2, 1, 12) && AIC: 2131.078949047515
(2, 0, 2, 2, 0, 1, 12) && AIC: 2362.2020351864685
(2, 2, 0, 2, 2, 1, 12) && AIC: 2018.8158293100298
(2, 0, 2, 0, 1, 0, 12) && AIC: 2464.793977673684
(2, 1, 2, 0, 1, 0, 12) && AIC: 2455.889639856751
(2, 2, 0, 0, 2, 0, 12) && AIC: 2565.5194874941444
(1, 0, 2, 0, 2, 2, 12) && AIC: 1926.5361904486576
(2, 2, 1, 0, 1, 2, 12) && AIC: 2086.445826803299
(1, 0, 0, 1, 1, 2, 12) && AIC: 2113.614484074371
(2, 2, 0, 0, 0, 0, 12) && AIC: 2937.9462996403067
(1, 0, 2, 1, 2, 2, 12) && AIC: 1924.4980388800495
(1, 2, 2, 1, 1, 0, 12) && AIC: 2262.5016970649267
(0, 2, 1, 2, 0, 2, 12) && AIC: 2318.544354241812
(1, 0, 0, 1, 2, 2, 12) && AIC: 1953.8510556490355
(1, 1, 1, 1, 0, 2, 12) && AIC: 2241.378219114308
(2, 1, 1, 0, 1, 1, 12) && AIC: 2236.798215260029
(1, 1, 1, 2, 2, 2, 12) && AIC: 1924.7605613020087
(2, 1, 1, 2, 2, 0, 12) && AIC: 1966.0225894373605
(0, 0, 1, 1, 1, 1, 12) && AIC: 2268.5021874210297
(2, 0, 1, 2, 2, 0, 12) && AIC: 1978.4356737898534
(1, 1, 2, 1, 0, 2, 12) && AIC: 2229.443435176583
(0, 1, 0, 1, 1, 1, 12) && AIC: 2336.0858289361604
(2, 0, 1, 0, 1, 1, 12) && AIC: 2250.6758440070735
(2, 2, 0, 1, 2, 0, 12) && AIC: 2301.0052384300366
(1, 2, 1, 1, 2, 2, 12) && AIC: 1956.1192705618257
(2, 2, 2, 2, 1, 2, 12) && AIC: 2080.769402142156
(2, 0, 1, 2, 0, 0, 12) && AIC: 2324.1155237403095
(2, 2, 0, 1, 0, 0, 12) && AIC: 2583.653465681643
(1, 1, 2, 0, 0, 2, 12) && AIC: 2321.247442385616
(1, 2, 1, 1, 1, 2, 12) && AIC: 2104.3428453991796
(2, 2, 2, 2, 2, 2, 12) && AIC: 2006.9350217762055
(1, 2, 1, 0, 2, 2, 12) && AIC: 1955.1391185176174
(0, 1, 0, 2, 0, 1, 12) && AIC: 2354.9144342844606
(0, 1, 2, 1, 2, 0, 12) && AIC: 2220.8048708590245
(0, 0, 1, 2, 0, 0, 12) && AIC: 2299.151461664592
(1, 2, 1, 2, 2, 1, 12) && AIC: 1969.805177280483
(0, 1, 2, 1, 0, 0, 12) && AIC: 2485.0839191810774
(0, 2, 0, 0, 0, 1, 12) && AIC: 2779.35105979116
(0, 2, 2, 1, 2, 2, 12) && AIC: 1900.8910088495395
(2, 1, 0, 1, 2, 0, 12) && AIC: 2220.2309340684897
(2, 1, 2, 2, 0, 1, 12) && AIC: 2242.3453887316655
(2, 1, 1, 1, 2, 1, 12) && AIC: 2110.9578698714513
(0, 0, 2, 2, 2, 0, 12) && AIC: 2011.787990374572
(1, 0, 1, 0, 0, 1, 12) && AIC: 2596.394714445719
(0, 0, 1, 0, 2, 1, 12) && AIC: 2156.1163722012107
(2, 0, 0, 1, 0, 1, 12) && AIC: 2429.126981065764
(2, 0, 1, 1, 0, 0, 12) && AIC: 2481.6076269990854
(2, 1, 0, 1, 0, 0, 12) && AIC: 2491.250709642296
(1, 1, 0, 0, 2, 1, 12) && AIC: 2200.9876607016913
(2, 2, 1, 2, 0, 2, 12) && AIC: 2263.7568318958056
(0, 0, 0, 1, 0, 2, 12) && AIC: 2276.663283076472
(1, 1, 0, 2, 2, 0, 12) && AIC: 2022.3675127631745
(0, 1, 2, 0, 2, 0, 12) && AIC: 2431.163888585129
(1, 1, 1, 2, 1, 2, 12) && AIC: 2071.414382235068
(0, 1, 2, 2, 1, 1, 12) && AIC: 2097.3318981011676
(1, 2, 0, 0, 0, 1, 12) && AIC: 2713.942716029488
(1, 1, 0, 2, 0, 0, 12) && AIC: 2313.21466604159
(0, 1, 2, 0, 0, 0, 12) && AIC: 2796.496181212802
(0, 0, 0, 0, 0, 2, 12) && AIC: 2679.684810298574
(1, 0, 0, 0, 2, 2, 12) && AIC: 1951.8708105215746
(1, 0, 2, 1, 0, 1, 12) && AIC: 2408.5651443163633
(2, 1, 0, 0, 2, 0, 12) && AIC: 2488.49039667736
(2, 0, 2, 1, 1, 0, 12) && AIC: 2268.7991337314697
(2, 1, 0, 2, 1, 1, 12) && AIC: 2095.8790434047028
(2, 2, 1, 1, 0, 1, 12) && AIC: 2436.9144318652743
(0, 2, 1, 1, 1, 2, 12) && AIC: 2141.6728390189464
(1, 0, 0, 2, 2, 1, 12) && AIC: 1962.043105199948
(2, 1, 2, 1, 1, 1, 12) && AIC: 2225.398527127863
(1, 0, 2, 2, 1, 1, 12) && AIC: 2098.887839773923
(1, 2, 2, 0, 1, 0, 12) && AIC: 2461.593783679888
(1, 1, 0, 1, 1, 1, 12) && AIC: 2295.015140348247
(1, 1, 2, 2, 1, 2, 12) && AIC: 2060.201362730649
(0, 2, 2, 2, 0, 2, 12) && AIC: 2219.336275667243
(0, 2, 2, 1, 1, 2, 12) && AIC: 2063.4880026975356
(2, 0, 2, 2, 1, 0, 12) && AIC: 2086.119297836298
(1, 1, 2, 0, 2, 1, 12) && AIC: 2130.628335439851
(0, 0, 2, 0, 2, 1, 12) && AIC: 2143.2906726099254
(0, 0, 1, 2, 2, 0, 12) && AIC: 2009.9777988364417
(0, 1, 1, 1, 0, 2, 12) && AIC: 2239.7090752836857
(0, 2, 0, 2, 1, 0, 12) && AIC: 2312.936924926824
(2, 2, 0, 2, 0, 0, 12) && AIC: 2371.975781950866
(2, 2, 2, 1, 2, 1, 12) && AIC: 2091.0405637511794
(2, 0, 0, 2, 0, 2, 12) && AIC: 2326.380026895963
(2, 2, 0, 0, 1, 1, 12) && AIC: 2366.637324594605
(0, 0, 2, 2, 0, 0, 12) && AIC: 2300.69708195207
(2, 0, 1, 1, 2, 0, 12) && AIC: 2199.837265732781
(2, 2, 0, 2, 2, 0, 12) && AIC: 2064.705480726159
(1, 2, 0, 2, 0, 2, 12) && AIC: 2406.551067590761
(1, 0, 1, 0, 2, 0, 12) && AIC: 2456.0236170338103
(0, 2, 1, 0, 2, 2, 12) && AIC: 1980.8139766706504
(1, 0, 0, 0, 1, 2, 12) && AIC: 2111.854352632441
(0, 1, 1, 2, 0, 1, 12) && AIC: 2266.8360482427997
(1, 1, 1, 0, 0, 2, 12) && AIC: 2333.953864684091
(0, 2, 1, 0, 1, 2, 12) && AIC: 2139.8679212621782
(0, 2, 1, 1, 2, 2, 12) && AIC: 1982.2545533640382
(2, 0, 1, 0, 0, 0, 12) && AIC: 2829.329951832913
(0, 0, 0, 2, 1, 2, 12) && AIC: 2120.276002597022
(0, 0, 2, 1, 1, 1, 12) && AIC: 2254.165538107829
(2, 1, 0, 0, 0, 0, 12) && AIC: 2839.671637059503
(0, 0, 0, 0, 2, 1, 12) && AIC: 2171.105188335692
(2, 0, 1, 0, 2, 0, 12) && AIC: 2455.772533755736
(0, 1, 0, 2, 2, 2, 12) && AIC: 2003.3900166286635
(1, 1, 2, 2, 2, 2, 12) && AIC: 1917.942628763055
(2, 0, 1, 2, 2, 1, 12) && AIC: 1938.0774045239673
(1, 2, 2, 2, 1, 0, 12) && AIC: 2080.27689193246
(1, 0, 1, 1, 2, 0, 12) && AIC: 2212.7681911614955
(2, 2, 0, 1, 2, 1, 12) && AIC: 2217.399501445394
(2, 2, 1, 1, 2, 0, 12) && AIC: 2212.1172411372804
(2, 2, 2, 0, 0, 2, 12) && AIC: 2385.417574195717
(0, 1, 0, 0, 2, 1, 12) && AIC: 2227.9022790961526
(1, 2, 1, 0, 0, 1, 12) && AIC: 2581.176478198384
(0, 1, 2, 1, 1, 1, 12) && AIC: 2222.3374329233884
(0, 2, 0, 0, 1, 0, 12) && AIC: 2721.317751809841
(1, 2, 1, 2, 1, 0, 12) && AIC: 2119.4966178949185
(2, 1, 2, 0, 2, 1, 12) && AIC: 2133.9280518020214
(0, 0, 2, 0, 0, 0, 12) && AIC: 3091.139924544371
(1, 0, 1, 2, 2, 1, 12) && AIC: 1949.9744334925326
(0, 0, 1, 2, 0, 1, 12) && AIC: 2330.6704620166706
(2, 1, 0, 1, 1, 1, 12) && AIC: 2263.9688848544433
(2, 2, 1, 0, 2, 0, 12) && AIC: 2490.629967075797
(2, 0, 0, 0, 1, 2, 12) && AIC: 2110.3151656097416
(2, 2, 1, 2, 1, 1, 12) && AIC: 2089.3310195987533
(1, 1, 0, 0, 0, 0, 12) && AIC: 2885.7445319417147
(0, 1, 2, 2, 0, 0, 12) && AIC: 2283.54347473506
(0, 2, 2, 0, 0, 1, 12) && AIC: 2521.831835943227
(1, 0, 1, 0, 0, 0, 12) && AIC: 2835.556187483216
(1, 1, 0, 2, 1, 1, 12) && AIC: 2125.3411455785395
(1, 0, 2, 1, 1, 0, 12) && AIC: 2281.9185677819496
(1, 1, 0, 0, 2, 0, 12) && AIC: 2512.5675720334366
(0, 1, 2, 2, 2, 0, 12) && AIC: 1996.9441463757282
(0, 0, 0, 2, 2, 2, 12) && AIC: 1965.3157978064196
(1, 0, 0, 2, 0, 2, 12) && AIC: 2268.656478444337
(1, 2, 0, 0, 1, 2, 12) && AIC: 2223.4788765366775
(2, 0, 2, 1, 0, 1, 12) && AIC: 2436.127691375009
(2, 1, 0, 2, 0, 0, 12) && AIC: 2279.8250587430744
(1, 2, 0, 1, 1, 2, 12) && AIC: 2225.1985079650285
(0, 1, 1, 2, 2, 0, 12) && AIC: 1994.9485087284843
(0, 1, 0, 1, 0, 2, 12) && AIC: 2341.417577059211
(0, 1, 2, 0, 2, 1, 12) && AIC: 2130.305689941279
(0, 1, 0, 2, 1, 2, 12) && AIC: 2163.6529168811453
(2, 1, 0, 0, 2, 1, 12) && AIC: 2190.0065940446116
(2, 1, 2, 1, 0, 2, 12) && AIC: 2231.4821204254613
(1, 2, 2, 0, 0, 1, 12) && AIC: 2517.7156941945464
(1, 1, 0, 1, 0, 0, 12) && AIC: 2520.590011968926
(2, 1, 2, 2, 2, 2, 12) && AIC: 1914.9889288603056
(1, 0, 0, 1, 0, 1, 12) && AIC: 2443.096895565276
(2, 2, 1, 1, 0, 0, 12) && AIC: 2484.401159690322
(1, 0, 1, 1, 0, 0, 12) && AIC: 2494.314612120765
(2, 1, 1, 1, 0, 2, 12) && AIC: 2242.693435995765
(1, 1, 0, 1, 2, 0, 12) && AIC: 2253.1098900847546
(1, 1, 2, 2, 0, 1, 12) && AIC: 2255.1021164202766
(2, 2, 2, 1, 0, 2, 12) && AIC: 2227.3994050980746
(0, 0, 1, 0, 0, 2, 12) && AIC: 2603.6017270782822
(0, 2, 1, 2, 1, 1, 12) && AIC: 2168.5338844816015
(1, 0, 2, 2, 1, 0, 12) && AIC: 2103.063947094428
(2, 0, 0, 1, 2, 2, 12) && AIC: 1955.3435027706275
(0, 0, 0, 1, 1, 1, 12) && AIC: 2286.7158180891993
(0, 1, 1, 1, 1, 1, 12) && AIC: 2234.71231360189
(2, 1, 1, 0, 0, 2, 12) && AIC: 2335.6159036472336
(0, 0, 2, 2, 1, 1, 12) && AIC: 2127.2191871896775
(2, 0, 0, 1, 1, 2, 12) && AIC: 2112.098573731933
(2, 0, 2, 2, 1, 1, 12) && AIC: 2092.4115112199656
(0, 0, 1, 1, 0, 2, 12) && AIC: 2258.295288449098
(2, 0, 0, 0, 2, 2, 12) && AIC: 1953.401707870552
(0, 0, 2, 0, 2, 0, 12) && AIC: 2440.9102663692743
(1, 1, 2, 1, 1, 1, 12) && AIC: 2223.7022428907767
(2, 0, 2, 0, 2, 2, 12) && AIC: 1979.8450839313373
(1, 2, 0, 0, 2, 2, 12) && AIC: 2058.4187199890516
(2, 0, 0, 2, 2, 1, 12) && AIC: 1948.993433916468
(2, 2, 2, 2, 0, 1, 12) && AIC: 2289.0687875392778
(2, 2, 1, 0, 0, 0, 12) && AIC: 2832.266964480348
(1, 0, 1, 2, 0, 0, 12) && AIC: 2280.758094491419
(1, 2, 2, 1, 1, 2, 12) && AIC: 2072.421178026055
(0, 1, 1, 0, 2, 1, 12) && AIC: 2143.5388328071876
(1, 2, 0, 1, 2, 2, 12) && AIC: 2060.4525022965818
(0, 2, 0, 1, 1, 0, 12) && AIC: 2514.0629736043697
(1, 1, 1, 2, 2, 0, 12) && AIC: 1981.6581877540589
(1, 2, 2, 1, 2, 2, 12) && AIC: 1936.7730675023472
(0, 0, 2, 1, 0, 0, 12) && AIC: 2508.442166471142
(1, 1, 1, 0, 1, 1, 12) && AIC: 2234.954353254482
(2, 1, 0, 2, 2, 0, 12) && AIC: 1990.5258241796557
(0, 1, 1, 2, 0, 0, 12) && AIC: 2281.5816184974974
(0, 2, 1, 1, 0, 1, 12) && AIC: 2492.190075254335
(0, 0, 0, 2, 0, 1, 12) && AIC: 2286.7344987590695
(0, 0, 2, 1, 2, 0, 12) && AIC: 2229.903194914992
(0, 1, 0, 0, 0, 2, 12) && AIC: 2423.140378363498
(2, 1, 2, 2, 1, 2, 12) && AIC: 2060.373459665554
(2, 0, 1, 0, 0, 1, 12) && AIC: 2588.7672346060726
(1, 1, 1, 1, 2, 1, 12) && AIC: 2111.3596352058935
(1, 2, 1, 0, 1, 0, 12) && AIC: 2510.6949150665437
(1, 1, 2, 0, 1, 0, 12) && AIC: 2453.9377604437896
(1, 0, 2, 0, 1, 0, 12) && AIC: 2462.8921518246616
(2, 0, 2, 0, 1, 2, 12) && AIC: 2077.2746254524045
(1, 0, 1, 1, 2, 1, 12) && AIC: 2121.965912887935
(0, 2, 0, 0, 1, 1, 12) && AIC: 2486.8693871793434
(2, 1, 1, 2, 1, 2, 12) && AIC: 2072.8797154785852
(2, 2, 1, 2, 0, 0, 12) && AIC: 2275.100167260648
(2, 1, 1, 0, 2, 1, 12) && AIC: 2146.497766791461
(1, 0, 1, 0, 1, 1, 12) && AIC: 2248.9898078217466
(0, 2, 2, 2, 2, 1, 12) && AIC: 1948.3763436001423
(1, 0, 1, 2, 2, 0, 12) && AIC: 1990.900200104036
(0, 2, 2, 0, 2, 0, 12) && AIC: 2427.615490443818
(2, 2, 1, 0, 2, 1, 12) && AIC: 2167.6932540001126
(1, 1, 1, 2, 0, 0, 12) && AIC: 2265.4129096523197
(0, 1, 1, 0, 0, 0, 12) && AIC: 2819.5979780796906
(0, 1, 2, 2, 0, 1, 12) && AIC: 2268.456378073768
(2, 0, 1, 2, 0, 2, 12) && AIC: 2254.8233464339346
(0, 2, 2, 0, 0, 0, 12) && AIC: 2817.323186937634
(1, 2, 0, 1, 0, 1, 12) && AIC: 2588.153334293059
(1, 2, 2, 0, 2, 2, 12) && AIC: 1901.086563712144
(2, 2, 0, 1, 0, 2, 12) && AIC: 2372.9503232986294
(1, 0, 2, 1, 1, 1, 12) && AIC: 2238.7916040056853
(0, 0, 0, 0, 1, 0, 12) && AIC: 2495.4025983652036
(2, 1, 0, 2, 0, 1, 12) && AIC: 2268.180137531841
(1, 2, 2, 2, 2, 1, 12) && AIC: 2009.4923413947945
(2, 2, 1, 1, 1, 1, 12) && AIC: 2256.945528821884
(2, 1, 2, 0, 0, 2, 12) && AIC: 2323.073672199187
(2, 2, 0, 0, 0, 2, 12) && AIC: 2463.2210710992827
(1, 1, 2, 2, 1, 0, 12) && AIC: 2086.4085248238202
(1, 2, 0, 2, 1, 1, 12) && AIC: 2223.1351015520686
(1, 0, 0, 1, 2, 0, 12) && AIC: 2213.0227921889064
(0, 2, 2, 1, 2, 0, 12) && AIC: 2215.975217287434
(1, 0, 2, 2, 0, 1, 12) && AIC: 2271.485687194643
(0, 0, 1, 2, 2, 2, 12) && AIC: 1949.2002094524082
(1, 1, 1, 1, 0, 0, 12) && AIC: 2469.896970134059
(0, 1, 1, 1, 0, 0, 12) && AIC: 2484.8518876037224
(0, 2, 0, 2, 1, 2, 12) && AIC: 2301.21413621585
(1, 1, 0, 1, 0, 1, 12) && AIC: 2474.4559161204056
(1, 0, 0, 1, 0, 0, 12) && AIC: 2492.559276215286
(0, 2, 2, 1, 0, 0, 12) && AIC: 2487.24258790533
(2, 1, 1, 2, 2, 2, 12) && AIC: 1925.6567585529501
(0, 0, 1, 2, 1, 2, 12) && AIC: 2102.0666119124303
(0, 2, 0, 2, 2, 2, 12) && AIC: 2122.6227720716633
(0, 2, 1, 2, 1, 0, 12) && AIC: 2166.979882424449
(2, 0, 2, 2, 0, 2, 12) && AIC: 2352.1977702117715
(0, 0, 0, 1, 1, 0, 12) && AIC: 2306.5776129276446
(0, 0, 1, 1, 2, 1, 12) && AIC: 2136.329436796386
(2, 0, 0, 0, 0, 1, 12) && AIC: 2624.0611169612453
(2, 0, 2, 1, 2, 2, 12) && AIC: 1983.7136172486685
(2, 2, 2, 0, 2, 1, 12) && AIC: 2128.7282714015532
(2, 2, 1, 2, 2, 0, 12) && AIC: 1983.0179846401224
(2, 0, 0, 2, 1, 0, 12) && AIC: 2095.89822394596
(1, 2, 1, 1, 1, 0, 12) && AIC: 2306.6614709498162
(0, 1, 2, 0, 0, 2, 12) && AIC: 2319.6596693137217
(1, 0, 0, 0, 2, 0, 12) && AIC: 2469.094916695816
(2, 2, 2, 2, 2, 0, 12) && AIC: 1960.4188756859924
(1, 1, 2, 1, 1, 0, 12) && AIC: 2267.904001056999
(1, 0, 0, 2, 1, 1, 12) && AIC: 2111.8959137514403
(1, 1, 1, 0, 0, 0, 12) && AIC: 2815.309987223809
(1, 2, 2, 0, 1, 2, 12) && AIC: 2046.6807968220778
(2, 2, 2, 2, 0, 0, 12) && AIC: 2298.8781281206493
(1, 0, 0, 0, 0, 0, 12) && AIC: 2920.034116743369
(0, 1, 1, 2, 1, 1, 12) && AIC: 2095.7654400862198
(0, 2, 1, 1, 1, 0, 12) && AIC: 2355.7940161140123
(0, 1, 2, 1, 0, 2, 12) && AIC: 2227.622206324725
(0, 0, 0, 2, 1, 0, 12) && AIC: 2130.7566418446645
(0, 1, 1, 0, 2, 0, 12) && AIC: 2446.6133204191983
(2, 1, 0, 0, 0, 2, 12) && AIC: 2378.1327783066963
(2, 1, 1, 1, 1, 1, 12) && AIC: 2237.6818758008985
(1, 1, 1, 2, 2, 1, 12) && AIC: 1939.002348060582
(0, 0, 2, 1, 0, 1, 12) && AIC: 2422.3143707606505
(2, 1, 0, 1, 0, 2, 12) && AIC: 2284.3099151937804
(2, 0, 1, 0, 1, 2, 12) && AIC: 2083.741707979879
(2, 0, 1, 1, 1, 2, 12) && AIC: 2085.2914332085466
(2, 2, 0, 2, 1, 2, 12) && AIC: 2178.2749662586266
(2, 2, 2, 1, 1, 1, 12) && AIC: 2219.7471552127818
(2, 2, 0, 0, 2, 1, 12) && AIC: 2264.430268331761
(1, 1, 0, 2, 0, 2, 12) && AIC: 2299.711388429043
(0, 1, 0, 1, 2, 1, 12) && AIC: 2199.316360305238
(1, 1, 1, 1, 2, 0, 12) && AIC: 2205.890834871191
(0, 1, 1, 1, 2, 0, 12) && AIC: 2219.0624985530485
(1, 2, 1, 0, 1, 1, 12) && AIC: 2272.4567980706083
(2, 0, 2, 1, 1, 2, 12) && AIC: 2078.8815838351093
(1, 2, 1, 2, 2, 2, 12) && AIC: 1959.987569156306
(2, 1, 2, 1, 2, 1, 12) && AIC: 2098.759867844301
(2, 1, 1, 2, 0, 1, 12) && AIC: 2240.499687064882
(0, 2, 0, 1, 2, 1, 12) && AIC: 2330.9027370845843
(0, 2, 2, 2, 0, 0, 12) && AIC: 2279.1045013978464
(2, 2, 1, 2, 0, 1, 12) && AIC: 2261.85952148249
(1, 1, 1, 0, 2, 0, 12) && AIC: 2448.2669473001215
(0, 2, 2, 0, 1, 1, 12) && AIC: 2212.4245253454073
(1, 2, 0, 1, 1, 0, 12) && AIC: 2421.7498111106397
(2, 0, 1, 0, 2, 2, 12) && AIC: 1936.7664241858215
(0, 2, 2, 2, 2, 0, 12) && AIC: 1991.8727954163992
(1, 2, 2, 2, 0, 2, 12) && AIC: 2258.584993939492
(0, 0, 1, 0, 1, 1, 12) && AIC: 2266.663633748053
(0, 1, 0, 2, 2, 0, 12) && AIC: 2060.80433422062
(0, 1, 2, 2, 1, 2, 12) && AIC: 2057.0772319296557
(0, 1, 0, 0, 1, 1, 12) && AIC: 2334.953307053028
(2, 0, 2, 0, 0, 1, 12) && AIC: 2575.886526269369
(0, 1, 0, 2, 0, 0, 12) && AIC: 2363.713303061456
(0, 0, 2, 2, 0, 2, 12) && AIC: 2242.7681159344525
(0, 1, 2, 1, 2, 1, 12) && AIC: 2096.9196412980637
(1, 0, 2, 2, 2, 2, 12) && AIC: 1951.8153503155413
(2, 0, 1, 1, 2, 2, 12) && AIC: 1945.2134482694705
(2, 2, 0, 2, 2, 2, 12) && AIC: 2019.9035398203262
(2, 1, 2, 2, 2, 0, 12) && AIC: 1967.166744132338
(1, 0, 1, 1, 0, 2, 12) && AIC: 2252.5024183004834
(2, 1, 2, 0, 1, 1, 12) && AIC: 2225.4590646448055
(1, 0, 2, 0, 2, 1, 12) && AIC: 2144.6081103825363
(1, 2, 1, 2, 1, 2, 12) && AIC: 2106.0513763800127
(1, 2, 2, 1, 0, 1, 12) && AIC: 2391.259795671821
(1, 0, 0, 1, 1, 1, 12) && AIC: 2280.180369843035
(1, 0, 1, 0, 0, 2, 12) && AIC: 2399.5168391636867
(0, 2, 1, 0, 1, 0, 12) && AIC: 2542.1852977588187
(1, 1, 0, 1, 1, 2, 12) && AIC: 2126.58373038469
(1, 1, 2, 2, 1, 1, 12) && AIC: 2086.6728593835724
(1, 2, 0, 2, 1, 0, 12) && AIC: 2223.651620507035
(1, 1, 0, 0, 1, 2, 12) && AIC: 2124.7302102034914
(0, 2, 1, 2, 0, 1, 12) && AIC: 2346.8682416154797
(0, 2, 0, 0, 0, 2, 12) && AIC: 2565.543199945095
(0, 2, 2, 1, 2, 1, 12) && AIC: 2089.4909041368446
(0, 0, 0, 1, 0, 1, 12) && AIC: 2447.5549292578935
(2, 0, 0, 0, 1, 0, 12) && AIC: 2479.9892996274375
(1, 1, 0, 2, 2, 1, 12) && AIC: 1976.9846278463374
(0, 1, 1, 1, 0, 1, 12) && AIC: 2407.8965946016506
(2, 1, 1, 0, 1, 0, 12) && AIC: 2467.946925586146
(2, 0, 1, 2, 1, 1, 12) && AIC: 2085.1669209112224
(2, 2, 1, 0, 0, 2, 12) && AIC: 2354.070039834026
(0, 0, 1, 1, 1, 0, 12) && AIC: 2302.631329721751
(1, 1, 2, 1, 0, 1, 12) && AIC: 2397.4485624269705
(0, 1, 2, 2, 2, 2, 12) && AIC: 1910.2138383907584
(1, 0, 0, 2, 0, 0, 12) && AIC: 2283.7727274419294
(2, 2, 2, 0, 0, 0, 12) && AIC: 2807.9071872683285
(1, 2, 1, 1, 2, 1, 12) && AIC: 2147.747842528248
(2, 2, 2, 2, 1, 1, 12) && AIC: 2068.146229333015
(2, 2, 1, 1, 0, 2, 12) && AIC: 2263.221508939063
(2, 2, 2, 0, 2, 0, 12) && AIC: 2442.0227289761006
(1, 0, 0, 2, 2, 0, 12) && AIC: 1995.460924869617
(2, 1, 0, 2, 2, 2, 12) && AIC: 1948.9348319758033
(1, 0, 0, 0, 2, 1, 12) && AIC: 2170.545759112928
(1, 0, 2, 1, 0, 2, 12) && AIC: 2243.329085538385
(1, 0, 2, 2, 1, 2, 12) && AIC: 2073.4445644519074
(1, 1, 1, 0, 0, 1, 12) && AIC: 2542.2060376011073
(2, 1, 0, 2, 1, 2, 12) && AIC: 2097.842574797458
(0, 2, 1, 1, 1, 1, 12) && AIC: 2313.9458433021027
(2, 0, 0, 1, 1, 0, 12) && AIC: 2273.536618475596
(0, 0, 0, 2, 1, 1, 12) && AIC: 2132.0887297416784
(0, 0, 2, 1, 1, 2, 12) && AIC: 2087.7394287260536
(1, 1, 0, 1, 2, 2, 12) && AIC: 1977.665253628822
(2, 1, 1, 1, 1, 0, 12) && AIC: 2251.8646585398888
(0, 0, 2, 0, 1, 2, 12) && AIC: 2085.999804797284
(2, 1, 0, 1, 2, 1, 12) && AIC: 2136.9228793820184
(2, 1, 2, 2, 0, 0, 12) && AIC: 2253.0049320168864
(2, 2, 2, 1, 0, 0, 12) && AIC: 2453.10867459617
(1, 1, 2, 0, 1, 2, 12) && AIC: 2055.8495824598785
(0, 0, 2, 2, 2, 1, 12) && AIC: 1978.238695651772
(2, 0, 1, 1, 0, 1, 12) && AIC: 2470.652197077388
(2, 2, 0, 2, 0, 1, 12) && AIC: 2357.4439000499815
(2, 2, 2, 1, 2, 0, 12) && AIC: 2185.604650035555
(1, 1, 0, 0, 2, 2, 12) && AIC: 1977.0404427049252
(1, 2, 0, 0, 1, 0, 12) && AIC: 2642.311459018445
(1, 1, 2, 0, 2, 2, 12) && AIC: 1910.4019467035089
(1, 0, 1, 2, 1, 2, 12) && AIC: 2085.5527758607222
(0, 1, 0, 1, 0, 0, 12) && AIC: 2566.0260698469283
(1, 2, 1, 0, 0, 2, 12) && AIC: 2370.5740856549396
(2, 1, 1, 2, 1, 0, 12) && AIC: 2071.877565649772
(0, 1, 1, 2, 0, 2, 12) && AIC: 2238.1360673600543
(2, 2, 0, 1, 1, 1, 12) && AIC: 2353.044490371158
(0, 1, 0, 1, 2, 0, 12) && AIC: 2295.7210958908263
(0, 2, 0, 1, 0, 2, 12) && AIC: 2491.669376157417
(2, 1, 2, 1, 0, 0, 12) && AIC: 2459.62542424622
(2, 1, 2, 1, 2, 0, 12) && AIC: 2190.751034201725
(1, 1, 1, 2, 0, 2, 12) && AIC: 2239.714623650476
(0, 0, 2, 1, 2, 2, 12) && AIC: 1928.0134840809076
(0, 1, 0, 0, 0, 0, 12) && AIC: 2904.2824088457073
(0, 0, 0, 0, 1, 2, 12) && AIC: 2117.657970387766
(0, 2, 0, 2, 0, 1, 12) && AIC: 2506.5029818856365
(2, 0, 2, 2, 2, 1, 12) && AIC: 1950.8938508547953
(0, 1, 0, 0, 2, 0, 12) && AIC: 2537.432052785116
(0, 0, 2, 0, 2, 2, 12) && AIC: 1926.0307079351646
(1, 0, 2, 0, 0, 2, 12) && AIC: 2378.9450272548856
(1, 2, 0, 1, 1, 1, 12) && AIC: 2403.14635014109
(2, 0, 2, 0, 2, 0, 12) && AIC: 2429.0696629934173
(2, 1, 2, 0, 0, 0, 12) && AIC: 2798.8560348831675
(0, 0, 0, 0, 2, 2, 12) && AIC: 1954.62680106473
(0, 0, 1, 0, 1, 0, 12) && AIC: 2478.3328486434816
(0, 1, 0, 2, 2, 1, 12) && AIC: 2016.7731373081374
(2, 0, 2, 0, 0, 0, 12) && AIC: 2813.2094183481295
(2, 2, 0, 0, 1, 0, 12) && AIC: 2595.6310073494046
(1, 0, 1, 2, 2, 2, 12) && AIC: 1947.3111211376745
(0, 1, 2, 0, 1, 1, 12) && AIC: 2221.365508777227
(2, 1, 2, 2, 2, 1, 12) && AIC: 1926.524625159622
(1, 2, 0, 2, 0, 1, 12) && AIC: 2407.4618018193123
(1, 2, 2, 1, 2, 0, 12) && AIC: 2202.1234094149
(1, 0, 1, 0, 2, 1, 12) && AIC: 2154.0509470357897
(0, 2, 1, 0, 2, 1, 12) && AIC: 2204.880485983712
(1, 2, 2, 1, 0, 0, 12) && AIC: 2470.98284552283
(1, 1, 0, 0, 0, 1, 12) && AIC: 2607.7335695172833
(1, 1, 2, 1, 2, 2, 12) && AIC: 1922.2168288033527
(2, 1, 0, 0, 1, 1, 12) && AIC: 2278.521809943608
(2, 0, 2, 1, 2, 0, 12) && AIC: 2200.452983069671
(2, 2, 1, 2, 2, 2, 12) && AIC: 1942.6371898550897
(0, 1, 1, 0, 1, 2, 12) && AIC: 2066.472988503896
(2, 0, 0, 0, 1, 1, 12) && AIC: 2276.7996406083203
(2, 2, 1, 2, 1, 2, 12) && AIC: 2090.844004641903
(2, 0, 0, 2, 2, 2, 12) && AIC: 1950.5005445524719
(1, 2, 2, 0, 2, 0, 12) && AIC: 2440.3670305593823
(2, 0, 1, 2, 1, 0, 12) && AIC: 2088.3337854128254
(1, 2, 2, 2, 1, 1, 12) && AIC: 2083.3277145130032
(2, 2, 1, 1, 2, 1, 12) && AIC: 2130.0934562172197
(1, 0, 0, 2, 0, 1, 12) && AIC: 2271.0290649442168
(1, 2, 2, 0, 0, 0, 12) && AIC: 2815.6342136632743
(0, 1, 2, 1, 1, 0, 12) && AIC: 2280.820904976432
(0, 0, 1, 2, 1, 0, 12) && AIC: 2126.0351463260718
(2, 1, 1, 1, 0, 1, 12) && AIC: 2411.0878653997543
(1, 1, 1, 1, 1, 2, 12) && AIC: 2069.6315988522592
(0, 2, 1, 1, 0, 2, 12) && AIC: 2319.754821715893
(2, 1, 2, 0, 2, 0, 12) && AIC: 2434.8523823480873
(2, 0, 1, 1, 1, 0, 12) && AIC: 2266.9882088855984
(0, 2, 1, 2, 2, 2, 12) && AIC: 1982.3219404485876
(2, 2, 0, 2, 1, 0, 12) && AIC: 2177.6677887140822
(0, 0, 0, 1, 2, 2, 12) && AIC: 1956.628937892689
(0, 0, 2, 0, 0, 1, 12) && AIC: 2759.5642301195703
(2, 1, 0, 1, 1, 0, 12) && AIC: 2279.7753372714706
(0, 2, 2, 1, 0, 2, 12) && AIC: 2220.9149753252177
(0, 1, 1, 1, 2, 2, 12) && AIC: 1921.6575789696271
(1, 1, 2, 2, 0, 2, 12) && AIC: 2228.624863749148
(2, 2, 2, 1, 0, 1, 12) && AIC: 2478.542042541392
(1, 1, 2, 1, 1, 2, 12) && AIC: 2057.2435112273797
(0, 2, 2, 0, 0, 2, 12) && AIC: 2311.4949907163336
(1, 1, 0, 2, 1, 0, 12) && AIC: 2126.4982411396013
(1, 2, 1, 1, 0, 2, 12) && AIC: 2280.323858251477
(0, 1, 1, 1, 1, 2, 12) && AIC: 2068.0605898409162
(0, 1, 1, 0, 2, 2, 12) && AIC: 1920.4897558343928
(2, 0, 0, 2, 1, 2, 12) && AIC: 2098.748052301306
(2, 0, 2, 1, 0, 0, 12) && AIC: 2523.07684125396
(0, 1, 1, 2, 2, 1, 12) && AIC: 1951.4157639669293
(2, 1, 1, 2, 1, 1, 12) && AIC: 2070.891135954009
(1, 0, 0, 0, 0, 2, 12) && AIC: 2436.189752934112
(1, 0, 1, 1, 1, 1, 12) && AIC: 2250.935616096941
(2, 2, 0, 1, 1, 0, 12) && AIC: 2371.9224978469456
(1, 1, 1, 0, 2, 2, 12) && AIC: 1922.4533559177426
(1, 2, 1, 2, 0, 1, 12) && AIC: 2292.760650107797
(1, 0, 0, 1, 0, 2, 12) && AIC: 2271.7988783818755
(0, 2, 0, 0, 2, 1, 12) && AIC: 2358.495831924205
(1, 1, 1, 0, 1, 2, 12) && AIC: 2068.041574492553
(1, 1, 1, 1, 2, 2, 12) && AIC: 1923.8383099782882
(0, 2, 0, 2, 2, 0, 12) && AIC: 2181.347039678762
(0, 0, 1, 0, 0, 1, 12) && AIC: 2849.106638878009
(0, 2, 1, 2, 1, 2, 12) && AIC: 2141.530870008268
(0, 0, 0, 2, 0, 2, 12) && AIC: 2268.548911881378
(2, 0, 0, 1, 2, 1, 12) && AIC: 2138.165803551061
(0, 0, 0, 1, 1, 2, 12) && AIC: 2119.409292444701
(2, 0, 2, 2, 0, 0, 12) && AIC: 2273.717720114838
(0, 1, 0, 0, 0, 1, 12) && AIC: 2629.9050132351467
(2, 0, 2, 0, 1, 1, 12) && AIC: 2240.9176497345647
(0, 2, 0, 2, 0, 0, 12) && AIC: 2514.5290822008747
(1, 2, 0, 2, 2, 2, 12) && AIC: 2060.556134299609
(2, 0, 2, 2, 2, 0, 12) && AIC: 1981.6036720455038
(0, 0, 2, 2, 1, 0, 12) && AIC: 2125.9101624103932
(2, 2, 1, 0, 1, 1, 12) && AIC: 2256.995289247486
(2, 1, 2, 0, 0, 1, 12) && AIC: 2530.7865879989336
(1, 2, 0, 0, 2, 1, 12) && AIC: 2290.5383904560226
(2, 2, 2, 2, 0, 2, 12) && AIC: 2348.9734621182233
(1, 0, 2, 1, 2, 1, 12) && AIC: 2109.774659323094
(1, 0, 1, 2, 0, 1, 12) && AIC: 2265.549536923161
(1, 2, 2, 1, 1, 1, 12) && AIC: 2215.8994416783867
(1, 1, 0, 0, 1, 0, 12) && AIC: 2533.2461464108637
(1, 0, 1, 0, 1, 0, 12) && AIC: 2477.560855143749
(2, 1, 1, 0, 1, 2, 12) && AIC: 2069.409750285577
(0, 1, 2, 0, 1, 0, 12) && AIC: 2451.9622899227843
(0, 2, 0, 1, 1, 1, 12) && AIC: 2488.0812464040205
(0, 2, 2, 2, 1, 2, 12) && AIC: 2057.028021744144
(0, 2, 2, 0, 2, 1, 12) && AIC: 2121.1263295906906
(2, 0, 1, 0, 1, 0, 12) && AIC: 2478.776707845209
(2, 1, 1, 0, 2, 2, 12) && AIC: 1923.8258760319413
(2, 1, 0, 0, 1, 0, 12) && AIC: 2504.5834755081287
(2, 0, 1, 2, 0, 1, 12) && AIC: 2320.1967120803347
(0, 0, 1, 1, 2, 2, 12) && AIC: 1941.346964521543
(2, 0, 0, 0, 0, 2, 12) && AIC: 2412.318999686024
(2, 0, 2, 1, 2, 1, 12) && AIC: 2111.787464824956
(1, 2, 2, 2, 0, 0, 12) && AIC: 2265.8900460955447
(1, 1, 2, 0, 0, 1, 12) && AIC: 2529.0951440302542
(1, 2, 2, 2, 2, 0, 12) && AIC: 1980.2569960153492
(2, 2, 1, 1, 1, 0, 12) && AIC: 2273.8091055762234
(0, 1, 0, 2, 0, 2, 12) && AIC: 2340.9612912767752
(1, 0, 0, 2, 1, 2, 12) && AIC: 2113.8388904066323
(1, 0, 2, 2, 2, 0, 12) && AIC: 1999.0035822275636
(1, 0, 2, 0, 1, 1, 12) && AIC: 2237.0608697905827
(1, 2, 1, 2, 2, 0, 12) && AIC: 2014.7456636910292
(1, 2, 0, 1, 0, 2, 12) && AIC: 2408.0362871530588
(1, 2, 2, 0, 2, 1, 12) && AIC: 2122.5354980513994
(1, 2, 0, 2, 1, 2, 12) && AIC: 2224.8092727125245
(1, 0, 0, 1, 2, 1, 12) && AIC: 2151.0096951340192
(1, 0, 2, 2, 0, 0, 12) && AIC: 2288.1585999791346
(0, 0, 2, 0, 1, 0, 12) && AIC: 2466.014619804343
(2, 1, 2, 2, 0, 2, 12) && AIC: 2231.0496127067013
(0, 2, 1, 0, 0, 2, 12) && AIC: 2397.72800449448
(2, 0, 1, 1, 1, 1, 12) && AIC: 2252.5384200398066
(2, 2, 0, 2, 1, 1, 12) && AIC: 2176.3789346430867
(2, 2, 2, 1, 1, 2, 12) && AIC: 2059.6278143787185
(0, 2, 2, 2, 2, 2, 12) && AIC: 2010.36807938718
(1, 1, 1, 2, 1, 1, 12) && AIC: 2083.3111348405328
(2, 2, 2, 0, 1, 2, 12) && AIC: 2048.029752318077
(0, 1, 2, 2, 1, 0, 12) && AIC: 2098.8377244560143
(0, 0, 1, 1, 1, 2, 12) && AIC: 2101.6579479189277
(1, 2, 1, 1, 1, 1, 12) && AIC: 2273.8939363544832
(2, 2, 2, 2, 2, 1, 12) && AIC: 1943.923414482677
(0, 0, 0, 0, 0, 1, 12) && AIC: 2993.447871020624
(0, 1, 1, 0, 0, 1, 12) && AIC: 2545.7670687218138
(2, 1, 0, 2, 1, 0, 12) && AIC: 2096.0980580745645
(0, 1, 1, 2, 1, 0, 12) && AIC: 2097.000622814605
(2, 2, 0, 1, 0, 1, 12) && AIC: 2536.7019357981576
(1, 0, 0, 2, 2, 2, 12) && AIC: 1963.407295643608
(2, 1, 1, 1, 2, 2, 12) && AIC: 1924.64320811242
(1, 2, 1, 0, 2, 1, 12) && AIC: 2178.4709217595387
(1, 1, 0, 1, 1, 0, 12) && AIC: 2313.648760965252
(1, 0, 1, 1, 1, 0, 12) && AIC: 2280.0029957262523
(0, 2, 0, 0, 0, 0, 12) && AIC: 3061.8604172203504
(0, 0, 1, 2, 2, 1, 12) && AIC: 1976.700087164781
(1, 2, 1, 2, 0, 0, 12) && AIC: 2308.360276755487
(1, 1, 1, 1, 0, 1, 12) && AIC: 2409.702334299447
(0, 2, 0, 2, 1, 1, 12) && AIC: 2314.971609856787
(0, 2, 0, 0, 2, 0, 12) && AIC: 2678.616675249211
(1, 2, 0, 0, 0, 2, 12) && AIC: 2497.2161227648858
(2, 2, 2, 1, 2, 2, 12) && AIC: 2003.6257302281708
(0, 1, 0, 0, 1, 2, 12) && AIC: 2163.029761480677
(0, 1, 0, 1, 1, 2, 12) && AIC: 2164.8509901166703
(2, 0, 0, 2, 0, 1, 12) && AIC: 2262.2093139197314
(2, 2, 0, 0, 1, 2, 12) && AIC: 2190.847783499842
(1, 0, 1, 2, 1, 0, 12) && AIC: 2101.2294140979566
(2, 2, 2, 0, 2, 2, 12) && AIC: 1915.6819668232793
(2, 2, 0, 0, 2, 2, 12) && AIC: 2035.3815125233455
(2, 1, 2, 1, 1, 2, 12) && AIC: 2058.8361180837837
(2, 2, 1, 0, 1, 0, 12) && AIC: 2497.0036548133685
(0, 1, 2, 0, 0, 1, 12) && AIC: 2527.1515554329185
(0, 2, 0, 1, 0, 0, 12) && AIC: 2725.2597386986554
(1, 0, 2, 1, 0, 0, 12) && AIC: 2485.577685389391
(1, 0, 2, 1, 2, 0, 12) && AIC: 2214.6832499237103
(0, 2, 0, 1, 2, 0, 12) && AIC: 2429.5918742493004
(0, 2, 2, 2, 0, 1, 12) && AIC: 2261.418168532072
(1, 1, 0, 0, 1, 1, 12) && AIC: 2293.976427075424
(0, 0, 2, 1, 1, 0, 12) && AIC: 2303.391750418415
(2, 1, 0, 0, 0, 1, 12) && AIC: 2589.171153851251
(2, 1, 1, 2, 0, 2, 12) && AIC: 2241.312993989209
(2, 1, 1, 1, 1, 2, 12) && AIC: 2071.0337660624505
(0, 0, 0, 0, 2, 0, 12) && AIC: 2470.513141592046
(2, 0, 1, 0, 2, 1, 12) && AIC: 2155.4906737944716
(0, 0, 1, 0, 2, 2, 12) && AIC: 1939.3526306196977
(2, 0, 0, 1, 0, 2, 12) && AIC: 2272.502315616577
(1, 1, 2, 2, 2, 1, 12) && AIC: 1941.4365982083273
(0, 2, 2, 1, 1, 1, 12) && AIC: 2214.242501891552
(1, 1, 2, 0, 2, 0, 12) && AIC: 2431.6543500851185
(0, 1, 0, 0, 2, 2, 12) && AIC: 2002.479623344734
(1, 0, 2, 0, 0, 0, 12) && AIC: 2812.28990715943
(1, 2, 1, 0, 0, 0, 12) && AIC: 2863.646261417043
(0, 1, 2, 1, 1, 2, 12) && AIC: 2055.511799677427
(1, 2, 2, 2, 0, 1, 12) && AIC: 2250.3059125169707
(1, 1, 2, 0, 0, 0, 12) && AIC: 2797.5651516737908
(1, 0, 2, 0, 2, 0, 12) && AIC: 2442.057127487977
(0, 1, 0, 1, 2, 2, 12) && AIC: 2003.4831449181534
(2, 1, 2, 0, 2, 2, 12) && AIC: 1912.5011334695557
(0, 2, 1, 2, 2, 0, 12) && AIC: 2053.417930646504
(0, 1, 2, 1, 2, 2, 12) && AIC: 1909.8624500182837
(1, 0, 2, 2, 2, 1, 12) && AIC: 1963.8856775098202
(0, 2, 1, 0, 1, 1, 12) && AIC: 2312.2782445581024
(2, 1, 2, 0, 1, 2, 12) && AIC: 2057.3625156019652
(2, 1, 2, 1, 2, 2, 12) && AIC: 1914.1594722853733
(1, 0, 0, 0, 1, 1, 12) && AIC: 2278.315579632235
(0, 0, 2, 0, 1, 1, 12) && AIC: 2252.3605390610646
(2, 1, 0, 1, 2, 2, 12) && AIC: 1963.7204149381619
(1, 1, 2, 1, 2, 0, 12) && AIC: 2203.772102680879
(1, 1, 0, 2, 1, 2, 12) && AIC: 2127.171578782464
(1, 2, 1, 1, 0, 0, 12) && AIC: 2516.4354585926703
(2, 0, 1, 2, 2, 2, 12) && AIC: 1950.0289376094197
(0, 2, 1, 1, 2, 1, 12) && AIC: 2176.800605172354
(1, 1, 2, 1, 0, 0, 12) && AIC: 2471.5174211173176
(2, 2, 0, 1, 2, 2, 12) && AIC: 2036.0400748090235
(0, 0, 0, 2, 2, 1, 12) && AIC: 1978.855328441059
(0, 1, 1, 0, 1, 0, 12) && AIC: 2465.6571189058322
(2, 2, 2, 0, 0, 1, 12) && AIC: 2528.4533657843476
(2, 0, 2, 1, 0, 2, 12) && AIC: 2338.431448279012
(0, 2, 2, 0, 1, 0, 12) && AIC: 2463.999356309162
(1, 1, 0, 2, 2, 2, 12) && AIC: 1981.1535963237989
(1, 1, 1, 2, 1, 0, 12) && AIC: 2085.230918060676
(0, 0, 1, 0, 1, 2, 12) && AIC: 2099.906569695389
(2, 0, 2, 0, 0, 2, 12) && AIC: 2380.7501214671274
(0, 0, 0, 0, 0, 0, 12) && AIC: 3413.1362947894336
(1, 2, 2, 0, 0, 2, 12) && AIC: 2396.00946607101
(1, 0, 1, 1, 0, 1, 12) && AIC: 2420.5233641204895
(1, 2, 1, 2, 1, 1, 12) && AIC: 2118.415875481134
(1, 1, 1, 1, 1, 0, 12) && AIC: 2266.857431694195
(1, 2, 2, 1, 0, 2, 12) && AIC: 2240.896492935378
(1, 2, 1, 0, 2, 0, 12) && AIC: 2496.5861920665657
(1, 0, 0, 1, 1, 0, 12) && AIC: 2286.711410580622
(0, 0, 0, 1, 2, 0, 12) && AIC: 2227.931116271279
(2, 1, 0, 1, 1, 2, 12) && AIC: 2110.680657931005
(2, 1, 1, 0, 0, 1, 12) && AIC: 2543.2139432001536
(0, 0, 2, 2, 1, 2, 12) && AIC: 2088.019568318701
(0, 2, 1, 2, 0, 0, 12) && AIC: 2356.671683683784
(0, 0, 1, 1, 0, 1, 12) && AIC: 2432.676208474903
(2, 0, 0, 0, 2, 1, 12) && AIC: 2172.5433382468273
(0, 0, 0, 1, 0, 0, 12) && AIC: 2508.4317930778084
(0, 1, 0, 1, 0, 1, 12) && AIC: 2514.8715227843013
(0, 1, 2, 0, 2, 2, 12) && AIC: 1908.9647518270376
(2, 2, 1, 2, 1, 0, 12) && AIC: 2089.3093971592016
(2, 0, 0, 2, 2, 0, 12) && AIC: 1983.0380982172755
(0, 0, 2, 2, 2, 2, 12) && AIC: 1934.822831230272
(2, 0, 1, 1, 0, 2, 12) && AIC: 2259.8082648528225
(2, 0, 1, 2, 1, 2, 12) && AIC: 2087.259514553176
(2, 2, 1, 0, 0, 1, 12) && AIC: 2563.773410412652
(2, 2, 0, 2, 0, 2, 12) && AIC: 2356.8084905352707
(2, 2, 0, 1, 1, 2, 12) && AIC: 2192.6894799422125
(0, 1, 2, 2, 2, 1, 12) && AIC: 1953.406128688684
(2, 0, 0, 2, 0, 0, 12) && AIC: 2271.536984339701
(1, 2, 0, 1, 2, 1, 12) && AIC: 2264.7698175291544
(1, 2, 1, 1, 2, 0, 12) && AIC: 2245.5467606527072
(2, 2, 2, 2, 1, 0, 12) && AIC: 2067.2123548823797
(0, 2, 2, 2, 1, 0, 12) && AIC: 2093.283730210919
(1, 0, 1, 2, 1, 1, 12) && AIC: 2097.4012172575394
(0, 1, 0, 2, 1, 1, 12) && AIC: 2175.97755000376
(1, 0, 1, 0, 2, 2, 12) && AIC: 1934.9015636957647
(2, 1, 0, 2, 2, 1, 12) && AIC: 1947.922860372285
(0, 2, 1, 1, 0, 0, 12) && AIC: 2560.7368432529693
(0, 2, 0, 1, 0, 1, 12) && AIC: 2676.5187618144237
(0, 0, 0, 2, 0, 0, 12) && AIC: 2300.6965964860765
(0, 0, 2, 1, 2, 1, 12) && AIC: 2123.436154201104
(2, 1, 2, 2, 1, 1, 12) && AIC: 2073.554812057838
(0, 0, 1, 2, 0, 2, 12) && AIC: 2255.452725870715
(2, 0, 0, 1, 1, 1, 12) && AIC: 2264.708646078243
(2, 0, 2, 2, 1, 2, 12) && AIC: 2080.3870082524672
(1, 1, 0, 1, 2, 1, 12) && AIC: 2169.4887944161383
(1, 1, 2, 2, 0, 0, 12) && AIC: 2266.554763682554
(1, 1, 2, 0, 1, 1, 12) && AIC: 2223.379044154929
(1, 1, 2, 2, 2, 0, 12) && AIC: 1982.632121171724
(0, 1, 1, 1, 1, 0, 12) && AIC: 2278.9072589687344
(1, 2, 0, 2, 2, 0, 12) && AIC: 2107.9918589472186
(1, 2, 2, 2, 1, 2, 12) && AIC: 2080.4429891726413
(2, 2, 1, 1, 2, 2, 12) && AIC: 1942.262043097246
(0, 2, 2, 1, 1, 0, 12) && AIC: 2275.6033825028735
(1, 2, 0, 0, 1, 1, 12) && AIC: 2401.4113315529194
(0, 2, 1, 0, 0, 0, 12) && AIC: 2879.0321477973152
(1, 0, 2, 0, 0, 1, 12) && AIC: 2574.0356583979355
(0, 1, 2, 0, 1, 2, 12) && AIC: 2054.0422825661353
(1, 2, 0, 2, 0, 0, 12) && AIC: 2421.352019277785
(1, 2, 2, 1, 2, 1, 12) && AIC: 2091.43008554152
