(2, 1, 1, 0, 2, 0, 12) && AIC: 2362.474871510026
(1, 0, 1, 0, 1, 2, 12) && AIC: 2026.5967610463736
(0, 2, 1, 2, 2, 1, 12) && AIC: 1966.066184201603
(2, 1, 0, 0, 2, 2, 12) && AIC: 1907.9639170662492
(2, 1, 2, 1, 0, 1, 12) && AIC: 2351.5892363164776
(2, 2, 2, 0, 1, 0, 12) && AIC: 2382.14165267673
(2, 0, 1, 0, 0, 2, 12) && AIC: 2363.8069737483756
(1, 1, 1, 0, 1, 0, 12) && AIC: 2393.446501044413
(1, 0, 0, 0, 1, 0, 12) && AIC: 2426.423840212329
(1, 1, 1, 2, 0, 1, 12) && AIC: 2173.885790539863
(1, 1, 0, 0, 0, 2, 12) && AIC: 2327.898483148966
(1, 1, 2, 1, 2, 1, 12) && AIC: 2032.7777170010827
(1, 2, 1, 1, 0, 1, 12) && AIC: 2409.4918564700674
(0, 0, 0, 0, 1, 1, 12) && AIC: 2237.692780815887
(0, 2, 0, 2, 0, 2, 12) && AIC: 2423.2778209031185
(0, 2, 1, 1, 2, 0, 12) && AIC: 2199.93885148277
(2, 0, 2, 2, 2, 2, 12) && AIC: 1909.4862623546737
(0, 0, 0, 2, 2, 0, 12) && AIC: 1931.2424155129554
(0, 1, 1, 0, 1, 1, 12) && AIC: 2169.636271346244
(1, 2, 2, 2, 2, 2, 12) && AIC: 1932.115762064701
(0, 1, 1, 2, 2, 2, 12) && AIC: 1857.0568039755267
(2, 0, 2, 0, 2, 1, 12) && AIC: 2063.487630123577
(2, 2, 1, 1, 1, 2, 12) && AIC: 2034.9971481200841
(2, 2, 0, 0, 0, 1, 12) && AIC: 2626.0420101180835
(1, 0, 2, 2, 0, 2, 12) && AIC: 2321.891603404957
(2, 1, 1, 2, 2, 1, 12) && AIC: 1858.674811797814
(0, 2, 1, 0, 2, 0, 12) && AIC: 2430.957104227656
(0, 1, 0, 1, 1, 0, 12) && AIC: 2299.519893186847
(1, 1, 1, 1, 1, 1, 12) && AIC: 2170.863899954265
(0, 1, 2, 2, 0, 2, 12) && AIC: 2147.3197967649703
(2, 1, 0, 0, 1, 2, 12) && AIC: 2056.1798709322725
(0, 0, 1, 1, 2, 0, 12) && AIC: 2137.5112946127874
(2, 0, 0, 0, 0, 0, 12) && AIC: 2853.828420120357
(0, 0, 0, 1, 2, 1, 12) && AIC: 2090.141556628734
(0, 0, 2, 0, 0, 2, 12) && AIC: 2438.214326389567
(2, 2, 1, 2, 2, 1, 12) && AIC: 1880.3408384249137
(2, 1, 1, 0, 0, 0, 12) && AIC: 2800.1294667648804
(2, 0, 0, 2, 1, 1, 12) && AIC: 2046.9581374411966
(0, 0, 1, 1, 0, 0, 12) && AIC: 2425.08050954706
(2, 0, 0, 0, 2, 0, 12) && AIC: 2371.5304281100607
(1, 0, 0, 2, 1, 0, 12) && AIC: 2059.6488976015507
(1, 2, 0, 1, 0, 0, 12) && AIC: 2563.45920856955
(0, 1, 1, 2, 1, 2, 12) && AIC: 2007.7440603873863
(1, 0, 1, 2, 0, 2, 12) && AIC: 2183.2295247546645
(0, 1, 2, 1, 0, 1, 12) && AIC: 2344.185893472859
(1, 0, 1, 1, 2, 2, 12) && AIC: 1883.8303921048296
(1, 2, 1, 2, 0, 2, 12) && AIC: 2213.7817387075343
(2, 1, 1, 1, 2, 0, 12) && AIC: 2102.310459895308
(1, 2, 0, 1, 2, 0, 12) && AIC: 2260.9157503620513
(1, 1, 0, 1, 0, 2, 12) && AIC: 2235.923918684431
(0, 2, 0, 1, 1, 2, 12) && AIC: 2237.459505566155
(0, 2, 2, 2, 1, 1, 12) && AIC: 2052.764193187179
(0, 0, 1, 0, 2, 0, 12) && AIC: 2371.7412691375603
(0, 1, 0, 2, 1, 0, 12) && AIC: 2121.8132179612626
(0, 2, 0, 0, 1, 2, 12) && AIC: 2235.9368617519804
(2, 0, 0, 1, 0, 0, 12) && AIC: 2398.7968399277547
(2, 1, 0, 1, 0, 1, 12) && AIC: 2401.390757720189
(0, 0, 1, 2, 1, 1, 12) && AIC: 2076.751098528442
(2, 1, 1, 1, 0, 0, 12) && AIC: 2387.148253090173
(0, 2, 0, 2, 2, 1, 12) && AIC: 2097.68637135355
(2, 2, 2, 1, 1, 0, 12) && AIC: 2197.7061468232832
(2, 1, 2, 2, 1, 0, 12) && AIC: 2010.3270608219404
(0, 2, 2, 1, 0, 1, 12) && AIC: 2345.4379996661064
(1, 2, 0, 0, 0, 0, 12) && AIC: 2947.0116235244527
(1, 1, 0, 2, 0, 1, 12) && AIC: 2235.837584455178
(2, 2, 1, 0, 2, 2, 12) && AIC: 1878.8256579855765
(0, 1, 1, 1, 2, 1, 12) && AIC: 2047.188527763571
(1, 2, 0, 0, 2, 0, 12) && AIC: 2539.7738657393006
(2, 0, 2, 1, 1, 1, 12) && AIC: 2179.5532623821846
(1, 0, 2, 0, 1, 2, 12) && AIC: 2007.5433030380736
(1, 0, 2, 1, 1, 2, 12) && AIC: 2014.060056807306
(1, 2, 0, 2, 2, 1, 12) && AIC: 2013.2568636927945
(2, 1, 1, 2, 0, 0, 12) && AIC: 2166.761353215664
(2, 1, 2, 1, 1, 0, 12) && AIC: 2178.47921710203
(0, 2, 1, 0, 0, 1, 12) && AIC: 2550.2955554558516
(2, 1, 0, 2, 0, 2, 12) && AIC: 2205.218440631626
(0, 0, 2, 1, 0, 2, 12) && AIC: 2160.6504529709764
(1, 2, 2, 0, 1, 1, 12) && AIC: 2180.9992061752764
(1, 0, 0, 0, 0, 1, 12) && AIC: 2587.7162333788515
(0, 2, 0, 1, 2, 2, 12) && AIC: 2073.2335123602343
(1, 0, 1, 1, 1, 2, 12) && AIC: 2018.7857995190168
(1, 1, 1, 0, 2, 1, 12) && AIC: 2062.006476268165
(0, 2, 2, 0, 1, 2, 12) && AIC: 2000.137542491952
(2, 2, 2, 0, 1, 1, 12) && AIC: 2177.792488920824
(0, 2, 0, 0, 2, 2, 12) && AIC: 2080.6435827680716
(0, 1, 0, 0, 1, 0, 12) && AIC: 2492.406965615007
(0, 2, 2, 0, 2, 2, 12) && AIC: 1835.051576472347
(1, 2, 1, 0, 1, 2, 12) && AIC: 2046.2999940080651
(0, 0, 2, 2, 0, 1, 12) && AIC: 2198.9834122356824
(0, 1, 1, 0, 0, 2, 12) && AIC: 2288.6810857259834
(0, 0, 1, 0, 0, 0, 12) && AIC: 3248.812897902385
(2, 0, 0, 1, 2, 0, 12) && AIC: 2110.275362297626
(2, 0, 1, 1, 2, 1, 12) && AIC: 2079.957927280453
(2, 0, 2, 2, 0, 1, 12) && AIC: 2337.997114135478
(2, 2, 0, 2, 2, 1, 12) && AIC: 1954.0075406360688
(2, 0, 2, 0, 1, 0, 12) && AIC: 2391.720389594545
(2, 1, 2, 0, 1, 0, 12) && AIC: 2376.9589058084384
(2, 2, 0, 0, 2, 0, 12) && AIC: 2481.4805000795623
(1, 0, 2, 0, 2, 2, 12) && AIC: 1849.4318989317123
(2, 2, 1, 0, 1, 2, 12) && AIC: 2033.939733499912
(1, 0, 0, 1, 1, 2, 12) && AIC: 2061.116102485582
(2, 2, 0, 0, 0, 0, 12) && AIC: 2893.417193522044
(1, 0, 2, 1, 2, 2, 12) && AIC: 1858.6458608398668
(1, 2, 2, 1, 1, 0, 12) && AIC: 2216.3454275502527
(0, 2, 1, 2, 0, 2, 12) && AIC: 2253.399067845827
(1, 0, 0, 1, 2, 2, 12) && AIC: 1884.0860066688065
(1, 1, 1, 1, 0, 2, 12) && AIC: 2160.483241586833
(2, 1, 1, 0, 1, 1, 12) && AIC: 2173.232806780366
(1, 1, 1, 2, 2, 2, 12) && AIC: 1858.8619668864299
(2, 1, 1, 2, 2, 0, 12) && AIC: 1894.8655947816742
(0, 0, 1, 1, 1, 1, 12) && AIC: 2217.07637900183
(2, 0, 1, 2, 2, 0, 12) && AIC: 1906.8145400271326
(1, 1, 2, 1, 0, 2, 12) && AIC: 2146.9841606893433
(0, 1, 0, 1, 1, 1, 12) && AIC: 2274.7653188996064
(2, 0, 1, 0, 1, 1, 12) && AIC: 2186.5271562765056
(2, 2, 0, 1, 2, 0, 12) && AIC: 2200.885427306878
(1, 2, 1, 1, 2, 2, 12) && AIC: 1892.736665660158
(2, 2, 2, 2, 1, 2, 12) && AIC: 2013.6615016202727
(2, 0, 1, 2, 0, 0, 12) && AIC: 2334.073579443967
(2, 2, 0, 1, 0, 0, 12) && AIC: 2504.6385491597275
(1, 1, 2, 0, 0, 2, 12) && AIC: 2257.3104962324187
(1, 2, 1, 1, 1, 2, 12) && AIC: 2046.880520373588
(2, 2, 2, 2, 2, 2, 12) && AIC: 1927.7485207226068
(1, 2, 1, 0, 2, 2, 12) && AIC: 1892.308388918539
(0, 1, 0, 2, 0, 1, 12) && AIC: 2290.230160618681
(0, 1, 2, 1, 2, 0, 12) && AIC: 2130.4950957213787
(0, 0, 1, 2, 0, 0, 12) && AIC: 2203.2382481559866
(1, 2, 1, 2, 2, 1, 12) && AIC: 1916.4603439413322
(0, 1, 2, 1, 0, 0, 12) && AIC: 2413.1177592221306
(0, 2, 0, 0, 0, 1, 12) && AIC: 2699.5899549788182
(0, 2, 2, 1, 2, 2, 12) && AIC: 1894.961944154616
(2, 1, 0, 1, 2, 0, 12) && AIC: 2136.1330070481263
(2, 1, 2, 2, 0, 1, 12) && AIC: 2164.1420846517276
(2, 1, 1, 1, 2, 1, 12) && AIC: 2051.0866480571613
(0, 0, 2, 2, 2, 0, 12) && AIC: 1935.1000887999492
(1, 0, 1, 0, 0, 1, 12) && AIC: 2547.818690359934
(0, 0, 1, 0, 2, 1, 12) && AIC: 2081.5565794902423
(2, 0, 0, 1, 0, 1, 12) && AIC: 2380.8434114172915
(2, 0, 1, 1, 0, 0, 12) && AIC: 2505.6350505053406
(2, 1, 0, 1, 0, 0, 12) && AIC: 2424.8215335030527
(1, 1, 0, 0, 2, 1, 12) && AIC: 2128.037240100557
(2, 2, 1, 2, 0, 2, 12) && AIC: 2196.650245876972
(0, 0, 0, 1, 0, 2, 12) && AIC: 2182.2900004022877
(1, 1, 0, 2, 2, 0, 12) && AIC: 1954.7342080821268
(0, 1, 2, 0, 2, 0, 12) && AIC: 2348.0979701017477
(1, 1, 1, 2, 1, 2, 12) && AIC: 2009.8234040680827
(0, 1, 2, 2, 1, 1, 12) && AIC: 2034.9110019713764
(1, 2, 0, 0, 0, 1, 12) && AIC: 2661.817148444185
(1, 1, 0, 2, 0, 0, 12) && AIC: 2238.54104864548
(0, 1, 2, 0, 0, 0, 12) && AIC: 2781.9372967449217
(0, 0, 0, 0, 0, 2, 12) && AIC: 2618.5222630340168
(1, 0, 0, 0, 2, 2, 12) && AIC: 1888.8187808058979
(1, 0, 2, 1, 0, 1, 12) && AIC: 2343.130742532687
(2, 1, 0, 0, 2, 0, 12) && AIC: 2403.000615477349
(2, 0, 2, 1, 1, 0, 12) && AIC: 2219.400064188356
(2, 1, 0, 2, 1, 1, 12) && AIC: 2043.9388348086784
(2, 2, 1, 1, 0, 1, 12) && AIC: 2392.422265811007
(0, 2, 1, 1, 1, 2, 12) && AIC: 2076.0440948892856
(1, 0, 0, 2, 2, 1, 12) && AIC: 1893.2061000493907
(2, 1, 2, 1, 1, 1, 12) && AIC: 2162.9938185936417
(1, 0, 2, 2, 1, 1, 12) && AIC: 2041.1751455310612
(1, 2, 2, 0, 1, 0, 12) && AIC: 2383.724961737984
(1, 1, 0, 1, 1, 1, 12) && AIC: 2241.248954243305
(1, 1, 2, 2, 1, 2, 12) && AIC: 1995.658237264067
(0, 2, 2, 2, 0, 2, 12) && AIC: 2273.5208567215686
(0, 2, 2, 1, 1, 2, 12) && AIC: 2018.4877629712119
(2, 0, 2, 2, 1, 0, 12) && AIC: 2027.285057232884
(1, 1, 2, 0, 2, 1, 12) && AIC: 2045.331108611926
(0, 0, 2, 0, 2, 1, 12) && AIC: 2067.7519640485625
(0, 0, 1, 2, 2, 0, 12) && AIC: 1933.1568068884403
(0, 1, 1, 1, 0, 2, 12) && AIC: 2158.5486380009042
(0, 2, 0, 2, 1, 0, 12) && AIC: 2259.923617514854
(2, 2, 0, 2, 0, 0, 12) && AIC: 2285.3964782274934
(2, 2, 2, 1, 2, 1, 12) && AIC: 2111.7792415948297
(2, 0, 0, 2, 0, 2, 12) && AIC: 2172.3548693507205
(2, 2, 0, 0, 1, 1, 12) && AIC: 2300.6391556502413
(0, 0, 2, 2, 0, 0, 12) && AIC: 2204.9242023157562
(2, 0, 1, 1, 2, 0, 12) && AIC: 2109.5087874050323
(2, 2, 0, 2, 2, 0, 12) && AIC: 1986.306210171991
(1, 2, 0, 2, 0, 2, 12) && AIC: 2348.8217123070553
(1, 0, 1, 0, 2, 0, 12) && AIC: 2372.2133118591564
(0, 2, 1, 0, 2, 2, 12) && AIC: 1926.2682829543332
(1, 0, 0, 0, 1, 2, 12) && AIC: 2059.2064548073545
(0, 1, 1, 2, 0, 1, 12) && AIC: 2200.8965553463413
(1, 1, 1, 0, 0, 2, 12) && AIC: 2274.2798467592775
(0, 2, 1, 0, 1, 2, 12) && AIC: 2078.488705876725
(0, 2, 1, 1, 2, 2, 12) && AIC: 1928.0439210845188
(2, 0, 1, 0, 0, 0, 12) && AIC: 2812.9792464046054
(0, 0, 0, 2, 1, 2, 12) && AIC: 2056.897012113769
(0, 0, 2, 1, 1, 1, 12) && AIC: 2203.4002581557324
(2, 1, 0, 0, 0, 0, 12) && AIC: 2826.2476993195187
(0, 0, 0, 0, 2, 1, 12) && AIC: 2093.987267206286
(2, 0, 1, 0, 2, 0, 12) && AIC: 2373.5025392048574
(0, 1, 0, 2, 2, 2, 12) && AIC: 1952.907218761403
(1, 1, 2, 2, 2, 2, 12) && AIC: 1904.3707197923118
(2, 0, 1, 2, 2, 1, 12) && AIC: 1910.3323024464778
(1, 2, 2, 2, 1, 0, 12) && AIC: 2029.382887376879
(1, 0, 1, 1, 2, 0, 12) && AIC: 2122.6161037810707
(2, 2, 0, 1, 2, 1, 12) && AIC: 2149.1751749167925
(2, 2, 1, 1, 2, 0, 12) && AIC: 2124.2737107580438
(2, 2, 2, 0, 0, 2, 12) && AIC: 2353.6119335715166
(0, 1, 0, 0, 2, 1, 12) && AIC: 2152.699091024967
(1, 2, 1, 0, 0, 1, 12) && AIC: 2545.8964850891216
(0, 1, 2, 1, 1, 1, 12) && AIC: 2160.5595187932913
(0, 2, 0, 0, 1, 0, 12) && AIC: 2646.5244592559407
(1, 2, 1, 2, 1, 0, 12) && AIC: 2063.0731316054607
(2, 1, 2, 0, 2, 1, 12) && AIC: 2049.463209840202
(0, 0, 2, 0, 0, 0, 12) && AIC: 3044.209824173521
(1, 0, 1, 2, 2, 1, 12) && AIC: 1894.9781662392156
(0, 0, 1, 2, 0, 1, 12) && AIC: 2215.918643317843
(2, 1, 0, 1, 1, 1, 12) && AIC: 2211.0028080639895
(2, 2, 1, 0, 2, 0, 12) && AIC: 2393.0653050498204
(2, 0, 0, 0, 1, 2, 12) && AIC: 2058.7050226292017
(2, 2, 1, 2, 1, 1, 12) && AIC: 2036.0951097894672
(1, 1, 0, 0, 0, 0, 12) && AIC: 2854.0203048432004
(0, 1, 2, 2, 0, 0, 12) && AIC: 2196.0054816230136
(0, 2, 2, 0, 0, 1, 12) && AIC: 2514.203720393063
(1, 0, 1, 0, 0, 0, 12) && AIC: 2851.265335456809
(1, 1, 0, 2, 1, 1, 12) && AIC: 2070.8092815988525
(1, 0, 2, 1, 1, 0, 12) && AIC: 2233.3024682295645
(1, 1, 0, 0, 2, 0, 12) && AIC: 2439.550059610392
(0, 1, 2, 2, 2, 0, 12) && AIC: 1926.986893662024
(0, 0, 0, 2, 2, 2, 12) && AIC: 1894.4543356292884
(1, 0, 0, 2, 0, 2, 12) && AIC: 2185.128635187746
(1, 2, 0, 0, 1, 2, 12) && AIC: 2163.1064038018067
(2, 0, 2, 1, 0, 1, 12) && AIC: 2478.4608242770646
(2, 1, 0, 2, 0, 0, 12) && AIC: 2206.4104673276133
(1, 2, 0, 1, 1, 2, 12) && AIC: 2165.103476968607
(0, 1, 1, 2, 2, 0, 12) && AIC: 1925.1248002266461
(0, 1, 0, 1, 0, 2, 12) && AIC: 2273.790280257652
(0, 1, 2, 0, 2, 1, 12) && AIC: 2046.4556621919783
(0, 1, 0, 2, 1, 2, 12) && AIC: 2097.756450846736
(2, 1, 0, 0, 2, 1, 12) && AIC: 2107.560516271527
(2, 1, 2, 1, 0, 2, 12) && AIC: 2148.1673375646114
(1, 2, 2, 0, 0, 1, 12) && AIC: 2489.4498988825244
(1, 1, 0, 1, 0, 0, 12) && AIC: 2455.222480194588
(2, 1, 2, 2, 2, 2, 12) && AIC: 1866.680385759436
(1, 0, 0, 1, 0, 1, 12) && AIC: 2393.44959936621
(2, 2, 1, 1, 0, 0, 12) && AIC: 2412.379210338624
(1, 0, 1, 1, 0, 0, 12) && AIC: 2407.005316487652
(2, 1, 1, 1, 0, 2, 12) && AIC: 2161.661597013454
(1, 1, 0, 1, 2, 0, 12) && AIC: 2166.4605466830058
(1, 1, 2, 2, 0, 1, 12) && AIC: 2213.893146620526
(2, 2, 2, 1, 0, 2, 12) && AIC: 2201.811882923771
(0, 0, 1, 0, 0, 2, 12) && AIC: 2495.5120961349908
(0, 2, 1, 2, 1, 1, 12) && AIC: 2109.3465090955833
(1, 0, 2, 2, 1, 0, 12) && AIC: 2042.1300202324037
(2, 0, 0, 1, 2, 2, 12) && AIC: 1885.811625885785
(0, 0, 0, 1, 1, 1, 12) && AIC: 2238.6839083599357
(0, 1, 1, 1, 1, 1, 12) && AIC: 2169.0164995613795
(2, 1, 1, 0, 0, 2, 12) && AIC: 2275.3054527396907
(0, 0, 2, 2, 1, 1, 12) && AIC: 2077.121430256595
(2, 0, 0, 1, 1, 2, 12) && AIC: 2060.3462557433063
(2, 0, 2, 2, 1, 1, 12) && AIC: 2028.5954619423378
(0, 0, 1, 1, 0, 2, 12) && AIC: 2169.9005110208623
(2, 0, 0, 0, 2, 2, 12) && AIC: 1890.7825259930912
(0, 0, 2, 0, 2, 0, 12) && AIC: 2356.605958376816
(1, 1, 2, 1, 1, 1, 12) && AIC: 2161.0107809561914
(2, 0, 2, 0, 2, 2, 12) && AIC: 1862.6172068694518
(1, 2, 0, 0, 2, 2, 12) && AIC: 2013.1791915553395
(2, 0, 0, 2, 2, 1, 12) && AIC: 1880.1967512516412
(2, 2, 2, 2, 0, 1, 12) && AIC: 2306.0075061953876
(2, 2, 1, 0, 0, 0, 12) && AIC: 2819.2705189486123
(1, 0, 1, 2, 0, 0, 12) && AIC: 2191.4676370713605
(1, 2, 2, 1, 1, 2, 12) && AIC: 2014.5343311685742
(0, 1, 1, 0, 2, 1, 12) && AIC: 2060.8809559073384
(1, 2, 0, 1, 2, 2, 12) && AIC: 2012.9034246748583
(0, 2, 0, 1, 1, 0, 12) && AIC: 2448.7791261398856
(1, 1, 1, 2, 2, 0, 12) && AIC: 1910.0339831124757
(1, 2, 2, 1, 2, 2, 12) && AIC: 1930.5162410361054
(0, 0, 2, 1, 0, 0, 12) && AIC: 2432.374447891464
(1, 1, 1, 0, 1, 1, 12) && AIC: 2171.3194424792036
(2, 1, 0, 2, 2, 0, 12) && AIC: 1927.901926869652
(0, 1, 1, 2, 0, 0, 12) && AIC: 2194.0336610208697
(0, 2, 1, 1, 0, 1, 12) && AIC: 2444.097655045741
(0, 0, 0, 2, 0, 1, 12) && AIC: 2195.2633325288252
(0, 0, 2, 1, 2, 0, 12) && AIC: 2138.9615712337204
(0, 1, 0, 0, 0, 2, 12) && AIC: 2337.3620980233154
(2, 1, 2, 2, 1, 2, 12) && AIC: 1998.5411048698124
(2, 0, 1, 0, 0, 1, 12) && AIC: 2567.323395726594
(1, 1, 1, 1, 2, 1, 12) && AIC: 2049.1698673765004
(1, 2, 1, 0, 1, 0, 12) && AIC: 2440.53113286909
(1, 1, 2, 0, 1, 0, 12) && AIC: 2377.742540793781
(1, 0, 2, 0, 1, 0, 12) && AIC: 2393.719954287335
(2, 0, 2, 0, 1, 2, 12) && AIC: 2012.6093977587943
(1, 0, 1, 1, 2, 1, 12) && AIC: 2078.128047131635
(0, 2, 0, 0, 1, 1, 12) && AIC: 2427.4677294008266
(2, 1, 1, 2, 1, 2, 12) && AIC: 2011.4860788824237
(2, 2, 1, 2, 0, 0, 12) && AIC: 2196.3266325283957
(2, 1, 1, 0, 2, 1, 12) && AIC: 2063.115834475814
(1, 0, 1, 0, 1, 1, 12) && AIC: 2194.9836934217183
(0, 2, 2, 2, 2, 1, 12) && AIC: 1883.7746790060926
(1, 0, 1, 2, 2, 0, 12) && AIC: 1919.5716660567605
(0, 2, 2, 0, 2, 0, 12) && AIC: 2357.880610034752
(2, 2, 1, 0, 2, 1, 12) && AIC: 2082.55698963571
(1, 1, 1, 2, 0, 0, 12) && AIC: 2178.903997074559
(0, 1, 1, 0, 0, 0, 12) && AIC: 2835.758043497821
(0, 1, 2, 2, 0, 1, 12) && AIC: 2188.920004391157
(2, 0, 1, 2, 0, 2, 12) && AIC: 2339.182861153428
(0, 2, 2, 0, 0, 0, 12) && AIC: 2811.4874483925805
(1, 2, 0, 1, 0, 1, 12) && AIC: 2547.422310231057
(1, 2, 2, 0, 2, 2, 12) && AIC: 1833.1916212686363
(2, 2, 0, 1, 0, 2, 12) && AIC: 2298.846452521012
(1, 0, 2, 1, 1, 1, 12) && AIC: 2178.7088289382427
(0, 0, 0, 0, 1, 0, 12) && AIC: 2432.994551331798
(2, 1, 0, 2, 0, 1, 12) && AIC: 2205.4153848268024
(1, 2, 2, 2, 2, 1, 12) && AIC: 1962.0545136482237
(2, 2, 1, 1, 1, 1, 12) && AIC: 2202.0369154625814
(2, 1, 2, 0, 0, 2, 12) && AIC: 2293.5573892872358
(2, 2, 0, 0, 0, 2, 12) && AIC: 2378.838084753106
(1, 1, 2, 2, 1, 0, 12) && AIC: 2021.6500762440394
(1, 2, 0, 2, 1, 1, 12) && AIC: 2165.3175977242227
(1, 0, 0, 1, 2, 0, 12) && AIC: 2123.8694407272806
(0, 2, 2, 1, 2, 0, 12) && AIC: 2127.5500825068725
(1, 0, 2, 2, 0, 1, 12) && AIC: 2351.4361056944376
(0, 0, 1, 2, 2, 2, 12) && AIC: 1870.1186653294676
(1, 1, 1, 1, 0, 0, 12) && AIC: 2401.529586300449
(0, 1, 1, 1, 0, 0, 12) && AIC: 2415.952981730612
(0, 2, 0, 2, 1, 2, 12) && AIC: 2228.5181082972003
(1, 1, 0, 1, 0, 1, 12) && AIC: 2434.305957124251
(1, 0, 0, 1, 0, 0, 12) && AIC: 2411.4859044778123
(0, 2, 2, 1, 0, 0, 12) && AIC: 2419.1937721032127
(2, 1, 1, 2, 2, 2, 12) && AIC: 1861.9403865316006
(0, 0, 1, 2, 1, 2, 12) && AIC: 2042.691241024935
(0, 2, 0, 2, 2, 2, 12) && AIC: 2073.888306172749
(0, 2, 1, 2, 1, 0, 12) && AIC: 2113.135607432931
(2, 0, 2, 2, 0, 2, 12) && AIC: 2323.2119843085566
(0, 0, 0, 1, 1, 0, 12) && AIC: 2250.20521002612
(0, 0, 1, 1, 2, 1, 12) && AIC: 2077.815168338402
(2, 0, 0, 0, 0, 1, 12) && AIC: 2584.3152115627167
(2, 0, 2, 1, 2, 2, 12) && AIC: 1904.1574259813442
(2, 2, 2, 0, 2, 1, 12) && AIC: 2111.497073048333
(2, 2, 1, 2, 2, 0, 12) && AIC: 1913.7505170910856
(2, 0, 0, 2, 1, 0, 12) && AIC: 2045.002263057818
(1, 2, 1, 1, 1, 0, 12) && AIC: 2238.375974324727
(0, 1, 2, 0, 0, 2, 12) && AIC: 2255.689984780138
(1, 0, 0, 0, 2, 0, 12) && AIC: 2387.3754031854933
(2, 2, 2, 2, 2, 0, 12) && AIC: 1947.6961310800891
(1, 1, 2, 1, 1, 0, 12) && AIC: 2189.7540063624256
(1, 0, 0, 2, 1, 1, 12) && AIC: 2061.6307815464834
(1, 1, 1, 0, 0, 0, 12) && AIC: 2804.3946468564172
(1, 2, 2, 0, 1, 2, 12) && AIC: 1986.6634574725392
(2, 2, 2, 2, 0, 0, 12) && AIC: 2179.037343651881
(1, 0, 0, 0, 0, 0, 12) && AIC: 2870.2702197698463
(0, 1, 1, 2, 1, 1, 12) && AIC: 2033.1854929704577
(0, 2, 1, 1, 1, 0, 12) && AIC: 2290.617021627985
(0, 1, 2, 1, 0, 2, 12) && AIC: 2147.773091033329
(0, 0, 0, 2, 1, 0, 12) && AIC: 2079.1736667364758
(0, 1, 1, 0, 2, 0, 12) && AIC: 2365.366061556681
(2, 1, 0, 0, 0, 2, 12) && AIC: 2313.1788127067434
(2, 1, 1, 1, 1, 1, 12) && AIC: 2175.7578656319342
(1, 1, 1, 2, 2, 1, 12) && AIC: 1875.2101652228862
(0, 0, 2, 1, 0, 1, 12) && AIC: 2399.760167032262
(2, 1, 0, 1, 0, 2, 12) && AIC: 2220.710682927795
(2, 0, 1, 0, 1, 2, 12) && AIC: 2028.225105211046
(2, 0, 1, 1, 1, 2, 12) && AIC: 2029.7191570007958
(2, 2, 0, 2, 1, 2, 12) && AIC: 2109.236314102465
(2, 2, 2, 1, 1, 1, 12) && AIC: 2179.6204954144787
(2, 2, 0, 0, 2, 1, 12) && AIC: 2181.238988366952
(1, 1, 0, 2, 0, 2, 12) && AIC: 2236.7932522567125
(0, 1, 0, 1, 2, 1, 12) && AIC: 2146.968596638935
(1, 1, 1, 1, 2, 0, 12) && AIC: 2114.836157133155
(0, 1, 1, 1, 2, 0, 12) && AIC: 2130.130651853904
(1, 2, 1, 0, 1, 1, 12) && AIC: 2215.0478575919906
(2, 0, 2, 1, 1, 2, 12) && AIC: 2015.7330600611979
(1, 2, 1, 2, 2, 2, 12) && AIC: 1894.6380130423036
(2, 1, 2, 1, 2, 1, 12) && AIC: 2036.0058696877263
(2, 1, 1, 2, 0, 1, 12) && AIC: 2161.9594783897437
(0, 2, 0, 1, 2, 1, 12) && AIC: 2277.0102834971644
(0, 2, 2, 2, 0, 0, 12) && AIC: 2195.477065911371
(2, 2, 1, 2, 0, 1, 12) && AIC: 2197.3006018486403
(1, 1, 1, 0, 2, 0, 12) && AIC: 2363.9096637509374
(0, 2, 2, 0, 1, 1, 12) && AIC: 2185.6528326981806
(1, 2, 0, 1, 1, 0, 12) && AIC: 2351.6673215112833
(2, 0, 1, 0, 2, 2, 12) && AIC: 1872.5889160828924
(0, 2, 2, 2, 2, 0, 12) && AIC: 1921.5197514008958
(1, 2, 2, 2, 0, 2, 12) && AIC: 2347.74391415677
(0, 0, 1, 0, 1, 1, 12) && AIC: 2215.757088939723
(0, 1, 0, 2, 2, 0, 12) && AIC: 2003.7188738121483
(0, 1, 2, 2, 1, 2, 12) && AIC: 1994.6134984939674
(0, 1, 0, 0, 1, 1, 12) && AIC: 2278.550902729985
(2, 0, 2, 0, 0, 1, 12) && AIC: 2551.144363684183
(0, 1, 0, 2, 0, 0, 12) && AIC: 2291.0458720739584
(0, 0, 2, 2, 0, 2, 12) && AIC: 2181.9714805990343
(0, 1, 2, 1, 2, 1, 12) && AIC: 2032.2789750674256
(1, 0, 2, 2, 2, 2, 12) && AIC: 1906.8074386624357
(2, 0, 1, 1, 2, 2, 12) && AIC: 1871.0702400274204
(2, 2, 0, 2, 2, 2, 12) && AIC: 1953.8260429716765
(2, 1, 2, 2, 2, 0, 12) && AIC: 1895.0331013161433
(1, 0, 1, 1, 0, 2, 12) && AIC: 2171.2539096590435
(2, 1, 2, 0, 1, 1, 12) && AIC: 2161.47546959654
(1, 0, 2, 0, 2, 1, 12) && AIC: 2058.2187491197064
(1, 2, 1, 2, 1, 2, 12) && AIC: 2048.7353436390736
(1, 2, 2, 1, 0, 1, 12) && AIC: 2347.58081390297
(1, 0, 0, 1, 1, 1, 12) && AIC: 2230.9997507737517
(1, 0, 1, 0, 0, 2, 12) && AIC: 2373.984831464946
(0, 2, 1, 0, 1, 0, 12) && AIC: 2467.0588664149986
(1, 1, 0, 1, 1, 2, 12) && AIC: 2069.892645085289
(1, 1, 2, 2, 1, 1, 12) && AIC: 2021.5599951366694
(1, 2, 0, 2, 1, 0, 12) && AIC: 2168.8217570926986
(1, 1, 0, 0, 1, 2, 12) && AIC: 2068.659599349604
(0, 2, 1, 2, 0, 1, 12) && AIC: 2282.221474006281
(0, 2, 0, 0, 0, 2, 12) && AIC: 2462.253690754659
(0, 2, 2, 1, 2, 1, 12) && AIC: 2089.223213438956
(0, 0, 0, 1, 0, 1, 12) && AIC: 2395.5505177511704
(2, 0, 0, 0, 1, 0, 12) && AIC: 2413.7506736842815
(1, 1, 0, 2, 2, 1, 12) && AIC: 1922.5298245583028
(0, 1, 1, 1, 0, 1, 12) && AIC: 2360.7575339069035
(2, 1, 1, 0, 1, 0, 12) && AIC: 2394.870317760737
(2, 0, 1, 2, 1, 1, 12) && AIC: 2030.5572027064663
(2, 2, 1, 0, 0, 2, 12) && AIC: 2288.3679617937873
(0, 0, 1, 1, 1, 0, 12) && AIC: 2244.505928897372
(1, 1, 2, 1, 0, 1, 12) && AIC: 2346.1697324093507
(0, 1, 2, 2, 2, 2, 12) && AIC: 1839.0652812409633
(1, 0, 0, 2, 0, 0, 12) && AIC: 2189.984541030385
(2, 2, 2, 0, 0, 0, 12) && AIC: 2767.8775445990495
(1, 2, 1, 1, 2, 1, 12) && AIC: 2088.0216541215686
(2, 2, 2, 2, 1, 1, 12) && AIC: 2026.9333559270096
(2, 2, 1, 1, 0, 2, 12) && AIC: 2200.199578679281
(2, 2, 2, 0, 2, 0, 12) && AIC: 2351.114664717832
(1, 0, 0, 2, 2, 0, 12) && AIC: 1919.5070093217466
(2, 1, 0, 2, 2, 2, 12) && AIC: 1895.1378932380435
(1, 0, 0, 0, 2, 1, 12) && AIC: 2095.5808166970214
(1, 0, 2, 1, 0, 2, 12) && AIC: 2159.234978075569
(1, 0, 2, 2, 1, 2, 12) && AIC: 2015.554050094645
(1, 1, 1, 0, 0, 1, 12) && AIC: 2515.437519611113
(2, 1, 0, 2, 1, 2, 12) && AIC: 2045.674059280094
(0, 2, 1, 1, 1, 1, 12) && AIC: 2254.4054522520955
(2, 0, 0, 1, 1, 0, 12) && AIC: 2212.2950202691773
(0, 0, 0, 2, 1, 1, 12) && AIC: 2095.961791935918
(0, 0, 2, 1, 1, 2, 12) && AIC: 2036.2773357924234
(1, 1, 0, 1, 2, 2, 12) && AIC: 1923.000980004557
(2, 1, 1, 1, 1, 0, 12) && AIC: 2178.2253649031604
(0, 0, 2, 0, 1, 2, 12) && AIC: 2034.432648246643
(2, 1, 0, 1, 2, 1, 12) && AIC: 2083.6240529583883
(2, 1, 2, 2, 0, 0, 12) && AIC: 2169.087474629918
(2, 2, 2, 1, 0, 0, 12) && AIC: 2380.473431943993
(1, 1, 2, 0, 1, 2, 12) && AIC: 1993.988531148585
(0, 0, 2, 2, 2, 1, 12) && AIC: 1908.5409554315183
(2, 0, 1, 1, 0, 1, 12) && AIC: 2467.6762039902314
(2, 2, 0, 2, 0, 1, 12) && AIC: 2285.557112392791
(2, 2, 2, 1, 2, 0, 12) && AIC: 2139.8309705848224
(1, 1, 0, 0, 2, 2, 12) && AIC: 1923.2092737380967
(1, 2, 0, 0, 1, 0, 12) && AIC: 2575.5840305520715
(1, 1, 2, 0, 2, 2, 12) && AIC: 1842.770021418934
(1, 0, 1, 2, 1, 2, 12) && AIC: 2029.692007639189
(0, 1, 0, 1, 0, 0, 12) && AIC: 2492.2863265460755
(1, 2, 1, 0, 0, 2, 12) && AIC: 2301.8189438002973
(2, 1, 1, 2, 1, 0, 12) && AIC: 2010.9929922552426
(0, 1, 1, 2, 0, 2, 12) && AIC: 2158.658131801956
(2, 2, 0, 1, 1, 1, 12) && AIC: 2285.5011362689447
(0, 1, 0, 1, 2, 0, 12) && AIC: 2207.9960178433607
(0, 2, 0, 1, 0, 2, 12) && AIC: 2422.874187109171
(2, 1, 2, 1, 0, 0, 12) && AIC: 2386.092045556481
(2, 1, 2, 1, 2, 0, 12) && AIC: 2101.4695379209393
(1, 1, 1, 2, 0, 2, 12) && AIC: 2160.5392770314947
(0, 0, 2, 1, 2, 2, 12) && AIC: 1854.530147448652
(0, 1, 0, 0, 0, 0, 12) && AIC: 2854.593925201011
(0, 0, 0, 0, 1, 2, 12) && AIC: 2062.794696613669
(0, 2, 0, 2, 0, 1, 12) && AIC: 2438.8053707161407
(2, 0, 2, 2, 2, 1, 12) && AIC: 1914.910911432864
(0, 1, 0, 0, 2, 0, 12) && AIC: 2456.4597613876645
(0, 0, 2, 0, 2, 2, 12) && AIC: 1859.9532372900862
(1, 0, 2, 0, 0, 2, 12) && AIC: 2346.0348835312084
(1, 2, 0, 1, 1, 1, 12) && AIC: 2344.185349078005
(2, 0, 2, 0, 2, 0, 12) && AIC: 2360.5324953471786
(2, 1, 2, 0, 0, 0, 12) && AIC: 2779.828102180537
(0, 0, 0, 0, 2, 2, 12) && AIC: 1886.838323680858
(0, 0, 1, 0, 1, 0, 12) && AIC: 2412.0588752448057
(0, 1, 0, 2, 2, 1, 12) && AIC: 1973.4773516198184
(2, 0, 2, 0, 0, 0, 12) && AIC: 2793.986134901618
(2, 2, 0, 0, 1, 0, 12) && AIC: 2516.2307221662068
(1, 0, 1, 2, 2, 2, 12) && AIC: 1900.5661934992195
(0, 1, 2, 0, 1, 1, 12) && AIC: 2160.2714465915083
(2, 1, 2, 2, 2, 1, 12) && AIC: 1897.3442461809218
(1, 2, 0, 2, 0, 1, 12) && AIC: 2350.257705973592
(1, 2, 2, 1, 2, 0, 12) && AIC: 2161.3447233833413
(1, 0, 1, 0, 2, 1, 12) && AIC: 2081.664751236527
(0, 2, 1, 0, 2, 1, 12) && AIC: 2126.934109547753
(1, 2, 2, 1, 0, 0, 12) && AIC: 2457.847933617012
(1, 1, 0, 0, 0, 1, 12) && AIC: 2569.989838173834
(1, 1, 2, 1, 2, 2, 12) && AIC: 1886.0601177056656
(2, 1, 0, 0, 1, 1, 12) && AIC: 2223.578922642881
(2, 0, 2, 1, 2, 0, 12) && AIC: 2106.71285845089
(2, 2, 1, 2, 2, 2, 12) && AIC: 1881.6461736403808
(0, 1, 1, 0, 1, 2, 12) && AIC: 2004.9697568946945
(2, 0, 0, 0, 1, 1, 12) && AIC: 2229.3328224894667
(2, 2, 1, 2, 1, 2, 12) && AIC: 2038.9840304662882
(2, 0, 0, 2, 2, 2, 12) && AIC: 1871.9881192894386
(1, 2, 2, 0, 2, 0, 12) && AIC: 2354.6563539353033
(2, 0, 1, 2, 1, 0, 12) && AIC: 2030.8799936732137
(1, 2, 2, 2, 1, 1, 12) && AIC: 2043.2857167902569
(2, 2, 1, 1, 2, 1, 12) && AIC: 2071.2593242797466
(1, 0, 0, 2, 0, 1, 12) && AIC: 2183.9214105077735
(1, 2, 2, 0, 0, 0, 12) && AIC: 2798.865667796338
(0, 1, 2, 1, 1, 0, 12) && AIC: 2205.5619164796126
(0, 0, 1, 2, 1, 0, 12) && AIC: 2074.8256890807643
(2, 1, 1, 1, 0, 1, 12) && AIC: 2363.508416599191
(1, 1, 1, 1, 1, 2, 12) && AIC: 2007.4887262496563
(0, 2, 1, 1, 0, 2, 12) && AIC: 2251.9857876942897
(2, 1, 2, 0, 2, 0, 12) && AIC: 2349.0811183913174
(2, 0, 1, 1, 1, 0, 12) && AIC: 2204.5156165463113
(0, 2, 1, 2, 2, 2, 12) && AIC: 1926.035385101678
(2, 2, 0, 2, 1, 0, 12) && AIC: 2112.366415353492
(0, 0, 0, 1, 2, 2, 12) && AIC: 1895.5294609007185
(0, 0, 2, 0, 0, 1, 12) && AIC: 2708.8272274003175
(2, 1, 0, 1, 1, 0, 12) && AIC: 2217.2000307286717
(0, 2, 2, 1, 0, 2, 12) && AIC: 2145.435363894243
(0, 1, 1, 1, 2, 2, 12) && AIC: 1854.7848960956542
(1, 1, 2, 2, 0, 2, 12) && AIC: 2146.260196895868
(2, 2, 2, 1, 0, 1, 12) && AIC: 2347.804940453001
(1, 1, 2, 1, 1, 2, 12) && AIC: 1993.6629658042236
(0, 2, 2, 0, 0, 2, 12) && AIC: 2264.3919307327496
(1, 1, 0, 2, 1, 0, 12) && AIC: 2071.5318301419097
(1, 2, 1, 1, 0, 2, 12) && AIC: 2215.296210623945
(0, 1, 1, 1, 1, 2, 12) && AIC: 2005.7457757429333
(0, 1, 1, 0, 2, 2, 12) && AIC: 1856.2443927318836
(2, 0, 0, 2, 1, 2, 12) && AIC: 2043.4887922398386
(2, 0, 2, 1, 0, 0, 12) && AIC: 2486.9231001005974
(0, 1, 1, 2, 2, 1, 12) && AIC: 1889.1834957580909
(2, 1, 1, 2, 1, 1, 12) && AIC: 2010.0192714852249
(1, 0, 0, 0, 0, 2, 12) && AIC: 2349.548148063961
(1, 0, 1, 1, 1, 1, 12) && AIC: 2181.338593876595
(2, 2, 0, 1, 1, 0, 12) && AIC: 2292.353341358939
(1, 1, 1, 0, 2, 2, 12) && AIC: 1857.8602359558508
(1, 2, 1, 2, 0, 1, 12) && AIC: 2229.9248036882946
(1, 0, 0, 1, 0, 2, 12) && AIC: 2183.567116011856
(0, 2, 0, 0, 2, 1, 12) && AIC: 2280.1111873369277
(1, 1, 1, 0, 1, 2, 12) && AIC: 2006.7140461450738
(1, 1, 1, 1, 2, 2, 12) && AIC: 1856.2443321478117
(0, 2, 0, 2, 2, 0, 12) && AIC: 2128.5451549432514
(0, 0, 1, 0, 0, 1, 12) && AIC: 2785.727743851089
(0, 2, 1, 2, 1, 2, 12) && AIC: 2075.754843476445
(0, 0, 0, 2, 0, 2, 12) && AIC: 2183.767162093317
(2, 0, 0, 1, 2, 1, 12) && AIC: 2079.341240534657
(0, 0, 0, 1, 1, 2, 12) && AIC: 2064.774211711361
(2, 0, 2, 2, 0, 0, 12) && AIC: 2336.1998459022093
(0, 1, 0, 0, 0, 1, 12) && AIC: 2573.6744718161867
(2, 0, 2, 0, 1, 1, 12) && AIC: 2182.6063189347506
(0, 2, 0, 2, 0, 0, 12) && AIC: 2440.3206242747337
(1, 2, 0, 2, 2, 2, 12) && AIC: 2013.8809781693967
(2, 0, 2, 2, 2, 0, 12) && AIC: 1903.698062562321
(0, 0, 2, 2, 1, 0, 12) && AIC: 2075.1362952437935
(2, 2, 1, 0, 1, 1, 12) && AIC: 2200.0588230883395
(2, 1, 2, 0, 0, 1, 12) && AIC: 2495.7414825770434
(1, 2, 0, 0, 2, 1, 12) && AIC: 2222.588921841856
(2, 2, 2, 2, 0, 2, 12) && AIC: 2343.0782385310795
(1, 0, 2, 1, 2, 1, 12) && AIC: 2065.9134378518484
(1, 0, 1, 2, 0, 1, 12) && AIC: 2202.235683424391
(1, 2, 2, 1, 1, 1, 12) && AIC: 2164.0603683815348
(1, 1, 0, 0, 1, 0, 12) && AIC: 2466.492918061672
(1, 0, 1, 0, 1, 0, 12) && AIC: 2413.740376451624
(2, 1, 1, 0, 1, 2, 12) && AIC: 2008.7047268134068
(0, 1, 2, 0, 1, 0, 12) && AIC: 2375.9544841398797
(0, 2, 0, 1, 1, 1, 12) && AIC: 2418.542348727774
(0, 2, 2, 2, 1, 2, 12) && AIC: 2020.2919282791438
(0, 2, 2, 0, 2, 1, 12) && AIC: 2037.984342891721
(2, 0, 1, 0, 1, 0, 12) && AIC: 2410.9389578814
(2, 1, 1, 0, 2, 2, 12) && AIC: 1859.4553020173526
(2, 1, 0, 0, 1, 0, 12) && AIC: 2436.1610484013445
(2, 0, 1, 2, 0, 1, 12) && AIC: 2337.1414819197626
(0, 0, 1, 1, 2, 2, 12) && AIC: 1868.052918854507
(2, 0, 0, 0, 0, 2, 12) && AIC: 2342.1957699161067
(2, 0, 2, 1, 2, 1, 12) && AIC: 2104.374394330841
(1, 2, 2, 2, 0, 0, 12) && AIC: 2177.1676863002817
(1, 1, 2, 0, 0, 1, 12) && AIC: 2496.465508138758
(1, 2, 2, 2, 2, 0, 12) && AIC: 1969.9429954225416
(2, 2, 1, 1, 1, 0, 12) && AIC: 2207.8058325401903
(0, 1, 0, 2, 0, 2, 12) && AIC: 2275.5977627691736
(1, 0, 0, 2, 1, 2, 12) && AIC: 2057.190206400831
(1, 0, 2, 2, 2, 0, 12) && AIC: 1921.9831408902764
(1, 0, 2, 0, 1, 1, 12) && AIC: 2176.069267987305
(1, 2, 1, 2, 2, 0, 12) && AIC: 1948.3732967643246
(1, 2, 0, 1, 0, 2, 12) && AIC: 2341.423473159655
(1, 2, 2, 0, 2, 1, 12) && AIC: 2036.6075552673174
(1, 2, 0, 2, 1, 2, 12) && AIC: 2160.497900100953
(1, 0, 0, 1, 2, 1, 12) && AIC: 2092.08691035466
(1, 0, 2, 2, 0, 0, 12) && AIC: 2193.555291852066
(0, 0, 2, 0, 1, 0, 12) && AIC: 2400.237284147537
(2, 1, 2, 2, 0, 2, 12) && AIC: 2152.9477181620778
(0, 2, 1, 0, 0, 2, 12) && AIC: 2312.344981491946
(2, 0, 1, 1, 1, 1, 12) && AIC: 2195.0624634405085
(2, 2, 0, 2, 1, 1, 12) && AIC: 2109.385718913979
(2, 2, 2, 1, 1, 2, 12) && AIC: 2011.6410243824366
(0, 2, 2, 2, 2, 2, 12) && AIC: 1934.9257094113698
(1, 1, 1, 2, 1, 1, 12) && AIC: 2021.4884797480804
(2, 2, 2, 0, 1, 2, 12) && AIC: 2010.792635183749
(0, 1, 2, 2, 1, 0, 12) && AIC: 2035.403117393648
(0, 0, 1, 1, 1, 2, 12) && AIC: 2048.942843893825
(1, 2, 1, 1, 1, 1, 12) && AIC: 2217.03804127794
(2, 2, 2, 2, 2, 1, 12) && AIC: 1940.3198823443568
(0, 0, 0, 0, 0, 1, 12) && AIC: 2956.008345589483
(0, 1, 1, 0, 0, 1, 12) && AIC: 2541.3479920464556
(2, 1, 0, 2, 1, 0, 12) && AIC: 2043.7747958045406
(0, 1, 1, 2, 1, 0, 12) && AIC: 2033.5163843155856
(2, 2, 0, 1, 0, 1, 12) && AIC: 2484.977252333756
(1, 0, 0, 2, 2, 2, 12) && AIC: 1885.9929804209323
(2, 1, 1, 1, 2, 2, 12) && AIC: 1858.1532827347505
(1, 2, 1, 0, 2, 1, 12) && AIC: 2102.1889940045353
(1, 1, 0, 1, 1, 0, 12) && AIC: 2246.7540729518187
(1, 0, 1, 1, 1, 0, 12) && AIC: 2224.2997129736204
(0, 2, 0, 0, 0, 0, 12) && AIC: 2982.014226555875
(0, 0, 1, 2, 2, 1, 12) && AIC: 1906.5625016798394
(1, 2, 1, 2, 0, 0, 12) && AIC: 2231.985505876881
(1, 1, 1, 1, 0, 1, 12) && AIC: 2361.940566305971
(0, 2, 0, 2, 1, 1, 12) && AIC: 2252.4742461474953
(0, 2, 0, 0, 2, 0, 12) && AIC: 2591.8948926870908
(1, 2, 0, 0, 0, 2, 12) && AIC: 2414.7149754083066
(2, 2, 2, 1, 2, 2, 12) && AIC: 1924.4368588342072
(0, 1, 0, 0, 1, 2, 12) && AIC: 2101.5400726784646
(0, 1, 0, 1, 1, 2, 12) && AIC: 2099.7301436347443
(2, 0, 0, 2, 0, 1, 12) && AIC: 2247.869112060652
(2, 2, 0, 0, 1, 2, 12) && AIC: 2122.2347040301693
(1, 0, 1, 2, 1, 0, 12) && AIC: 2042.916081415248
(2, 2, 2, 0, 2, 2, 12) && AIC: 1919.5068259166185
(2, 2, 0, 0, 2, 2, 12) && AIC: 1976.7124931656267
(2, 1, 2, 1, 1, 2, 12) && AIC: 1996.6005846587277
(2, 2, 1, 0, 1, 0, 12) && AIC: 2424.424697150948
(0, 1, 2, 0, 0, 1, 12) && AIC: 2494.4669144257696
(0, 2, 0, 1, 0, 0, 12) && AIC: 2644.2528733572026
(1, 0, 2, 1, 0, 0, 12) && AIC: 2403.2374387138234
(1, 0, 2, 1, 2, 0, 12) && AIC: 2124.779465315669
(0, 2, 0, 1, 2, 0, 12) && AIC: 2341.1985630556496
(0, 2, 2, 2, 0, 1, 12) && AIC: 2186.610956749132
(1, 1, 0, 0, 1, 1, 12) && AIC: 2239.9505491859586
(0, 0, 2, 1, 1, 0, 12) && AIC: 2244.837141871162
(2, 1, 0, 0, 0, 1, 12) && AIC: 2555.0997937584225
(2, 1, 1, 2, 0, 2, 12) && AIC: 2161.7092446868437
(2, 1, 1, 1, 1, 2, 12) && AIC: 2009.4860973145705
(0, 0, 0, 0, 2, 0, 12) && AIC: 2388.7871892914554
(2, 0, 1, 0, 2, 1, 12) && AIC: 2083.5256796766676
(0, 0, 1, 0, 2, 2, 12) && AIC: 1874.2602609022688
(2, 0, 0, 1, 0, 2, 12) && AIC: 2185.1845135626354
(1, 1, 2, 2, 2, 1, 12) && AIC: 1876.694911581009
(0, 2, 2, 1, 1, 1, 12) && AIC: 2187.474627205731
(1, 1, 2, 0, 2, 0, 12) && AIC: 2347.625986758831
(0, 1, 0, 0, 2, 2, 12) && AIC: 1956.2091494426115
(1, 0, 2, 0, 0, 0, 12) && AIC: 2793.05597339262
(1, 2, 1, 0, 0, 0, 12) && AIC: 2835.7448642155045
(0, 1, 2, 1, 1, 2, 12) && AIC: 1994.0296985438586
(1, 2, 2, 2, 0, 1, 12) && AIC: 2275.1152399101957
(1, 1, 2, 0, 0, 0, 12) && AIC: 2782.2786493330855
(1, 0, 2, 0, 2, 0, 12) && AIC: 2358.5451240766433
(0, 1, 0, 1, 2, 2, 12) && AIC: 1957.2609649467934
(2, 1, 2, 0, 2, 2, 12) && AIC: 1845.6554449507346
(0, 2, 1, 2, 2, 0, 12) && AIC: 1994.946018274506
(0, 1, 2, 1, 2, 2, 12) && AIC: 1838.4293710752718
(1, 0, 2, 2, 2, 1, 12) && AIC: 1897.006568622809
(0, 2, 1, 0, 1, 1, 12) && AIC: 2253.757880303542
(2, 1, 2, 0, 1, 2, 12) && AIC: 1995.134048450729
(2, 1, 2, 1, 2, 2, 12) && AIC: 1911.021107740974
(1, 0, 0, 0, 1, 1, 12) && AIC: 2229.8326179901032
(0, 0, 2, 0, 1, 1, 12) && AIC: 2202.24726919104
(2, 1, 0, 1, 2, 2, 12) && AIC: 1909.1928352732668
(1, 1, 2, 1, 2, 0, 12) && AIC: 2115.9631462681177
(1, 1, 0, 2, 1, 2, 12) && AIC: 2071.2791861831643
(1, 2, 1, 1, 0, 0, 12) && AIC: 2449.637630588669
(2, 0, 1, 2, 2, 2, 12) && AIC: 1928.7031044563155
(0, 2, 1, 1, 2, 1, 12) && AIC: 2120.9609745885023
(1, 1, 2, 1, 0, 0, 12) && AIC: 2398.7585777739837
(2, 2, 0, 1, 2, 2, 12) && AIC: 1976.4184786765054
(0, 0, 0, 2, 2, 1, 12) && AIC: 1904.5863372476156
(0, 1, 1, 0, 1, 0, 12) && AIC: 2394.862714857648
(2, 2, 2, 0, 0, 1, 12) && AIC: 2564.3506269535455
(2, 0, 2, 1, 0, 2, 12) && AIC: 2308.5942301403256
(0, 2, 2, 0, 1, 0, 12) && AIC: 2374.669939922369
(1, 1, 0, 2, 2, 2, 12) && AIC: 1925.3856921495244
(1, 1, 1, 2, 1, 0, 12) && AIC: 2022.3632367791165
(0, 0, 1, 0, 1, 2, 12) && AIC: 2046.99589216688
(2, 0, 2, 0, 0, 2, 12) && AIC: 2347.9176913318706
(0, 0, 0, 0, 0, 0, 12) && AIC: 3390.855887693774
(1, 2, 2, 0, 0, 2, 12) && AIC: 2301.273422485495
(1, 0, 1, 1, 0, 1, 12) && AIC: 2399.7354601544266
(1, 2, 1, 2, 1, 1, 12) && AIC: 2062.71600639639
(1, 1, 1, 1, 1, 0, 12) && AIC: 2189.794160946803
(1, 2, 2, 1, 0, 2, 12) && AIC: 2157.7493876659937
(1, 2, 1, 0, 2, 0, 12) && AIC: 2423.3520637098973
(1, 0, 0, 1, 1, 0, 12) && AIC: 2229.4357622185858
(0, 0, 0, 1, 2, 0, 12) && AIC: 2137.0522977803575
(2, 1, 0, 1, 1, 2, 12) && AIC: 2057.2969162521617
(2, 1, 1, 0, 0, 1, 12) && AIC: 2513.7759608977617
(0, 0, 2, 2, 1, 2, 12) && AIC: 2030.4073557692013
(0, 2, 1, 2, 0, 0, 12) && AIC: 2284.877327104206
(0, 0, 1, 1, 0, 1, 12) && AIC: 2382.386689279767
(2, 0, 0, 0, 2, 1, 12) && AIC: 2096.055819870082
(0, 0, 0, 1, 0, 0, 12) && AIC: 2426.932022994698
(0, 1, 0, 1, 0, 1, 12) && AIC: 2468.3927607066917
(0, 1, 2, 0, 2, 2, 12) && AIC: 1841.2782740985904
(2, 2, 1, 2, 1, 0, 12) && AIC: 2035.7843221817498
(2, 0, 0, 2, 2, 0, 12) && AIC: 1906.3099320706233
(0, 0, 2, 2, 2, 2, 12) && AIC: 1856.4684164270516
(2, 0, 1, 1, 0, 2, 12) && AIC: 2337.5937487532337
(2, 0, 1, 2, 1, 2, 12) && AIC: 2031.4446983204518
(2, 2, 1, 0, 0, 1, 12) && AIC: 2530.77500304126
(2, 2, 0, 2, 0, 2, 12) && AIC: 2285.2198698853354
(2, 2, 0, 1, 1, 2, 12) && AIC: 2123.560140521732
(0, 1, 2, 2, 2, 1, 12) && AIC: 1891.0824671764676
(2, 0, 0, 2, 0, 0, 12) && AIC: 2176.5705640922943
(1, 2, 0, 1, 2, 1, 12) && AIC: 2209.7271943678406
(1, 2, 1, 1, 2, 0, 12) && AIC: 2158.837235462619
(2, 2, 2, 2, 1, 0, 12) && AIC: 2026.2749167262184
(0, 2, 2, 2, 1, 0, 12) && AIC: 2029.56701335047
(1, 0, 1, 2, 1, 1, 12) && AIC: 2038.9551018984027
(0, 1, 0, 2, 1, 1, 12) && AIC: 2117.536073657007
(1, 0, 1, 0, 2, 2, 12) && AIC: 1874.7034297864143
(2, 1, 0, 2, 2, 1, 12) && AIC: 1893.1263830360604
(0, 2, 1, 1, 0, 0, 12) && AIC: 2488.0623157332757
(0, 2, 0, 1, 0, 1, 12) && AIC: 2626.0640166133585
(0, 0, 0, 2, 0, 0, 12) && AIC: 2201.2383141148766
(0, 0, 2, 1, 2, 1, 12) && AIC: 2065.588047242101
(2, 1, 2, 2, 1, 1, 12) && AIC: 2012.9334014644237
(0, 0, 1, 2, 0, 2, 12) && AIC: 2170.245122981126
(2, 0, 0, 1, 1, 1, 12) && AIC: 2213.8746303250737
(2, 0, 2, 2, 1, 2, 12) && AIC: 2016.803815149234
(1, 1, 0, 1, 2, 1, 12) && AIC: 2114.295553265076
(1, 1, 2, 2, 0, 0, 12) && AIC: 2178.76885960495
(1, 1, 2, 0, 1, 1, 12) && AIC: 2159.4868469013545
(1, 1, 2, 2, 2, 0, 12) && AIC: 1912.0200248748363
(0, 1, 1, 1, 1, 0, 12) && AIC: 2203.7480882714735
(1, 2, 0, 2, 2, 0, 12) && AIC: 2041.6290847922173
(1, 2, 2, 2, 1, 2, 12) && AIC: 2016.313030830568
(2, 2, 1, 1, 2, 2, 12) && AIC: 1879.7791542155715
(0, 2, 2, 1, 1, 0, 12) && AIC: 2201.061673950468
(1, 2, 0, 0, 1, 1, 12) && AIC: 2345.7025482893305
(0, 2, 1, 0, 0, 0, 12) && AIC: 2836.8693863975823
(1, 0, 2, 0, 0, 1, 12) && AIC: 2549.1564464614676
(0, 1, 2, 0, 1, 2, 12) && AIC: 1992.9776251074704
(1, 2, 0, 2, 0, 0, 12) && AIC: 2345.5860883395485
(1, 2, 2, 1, 2, 1, 12) && AIC: 2102.4261168621288
