(2, 1, 1, 0, 2, 0, 12) && AIC: 2298.1703572695087
(1, 0, 1, 0, 1, 2, 12) && AIC: 1948.7606362825543
(0, 2, 1, 2, 2, 1, 12) && AIC: 1890.8594555664508
(2, 1, 0, 0, 2, 2, 12) && AIC: 1833.8930125897184
(2, 1, 2, 1, 0, 1, 12) && AIC: 2232.799480460959
(2, 2, 2, 0, 1, 0, 12) && AIC: 2288.8077872870585
(2, 0, 1, 0, 0, 2, 12) && AIC: 2236.1078653370487
(1, 1, 1, 0, 1, 0, 12) && AIC: 2301.8480060847505
(1, 0, 0, 0, 1, 0, 12) && AIC: 2339.7613046292754
(1, 1, 1, 2, 0, 1, 12) && AIC: 2099.313605389333
(1, 1, 0, 0, 0, 2, 12) && AIC: 2244.8519022418322
(1, 1, 2, 1, 2, 1, 12) && AIC: 1956.7071690278044
(1, 2, 1, 1, 0, 1, 12) && AIC: 2287.816502814071
(0, 0, 0, 0, 1, 1, 12) && AIC: 2179.940057836891
(0, 2, 0, 2, 0, 2, 12) && AIC: 2342.957829480065
(0, 2, 1, 1, 2, 0, 12) && AIC: 2145.74897439503
(2, 0, 2, 2, 2, 2, 12) && AIC: 1854.1990615988025
(0, 0, 0, 2, 2, 0, 12) && AIC: 1866.4019030917607
(0, 1, 1, 0, 1, 1, 12) && AIC: 2086.391382650263
(1, 2, 2, 2, 2, 2, 12) && AIC: 1870.050775940286
(0, 1, 1, 2, 2, 2, 12) && AIC: 1791.7298886901103
(2, 0, 2, 0, 2, 1, 12) && AIC: 1996.4430560555268
(2, 2, 1, 1, 1, 2, 12) && AIC: 1956.303023948741
(2, 2, 0, 0, 0, 1, 12) && AIC: 2495.7214672520377
(1, 0, 2, 2, 0, 2, 12) && AIC: 2104.599665585311
(2, 1, 1, 2, 2, 1, 12) && AIC: 1794.7494687006185
(0, 2, 1, 0, 2, 0, 12) && AIC: 2365.0446882543306
(0, 1, 0, 1, 1, 0, 12) && AIC: 2211.5868391250874
(1, 1, 1, 1, 1, 1, 12) && AIC: 2089.3970208716155
(0, 1, 2, 2, 0, 2, 12) && AIC: 2073.405391754941
(2, 1, 0, 0, 1, 2, 12) && AIC: 1974.591122044506
(0, 0, 1, 1, 2, 0, 12) && AIC: 2082.7628179369303
(2, 0, 0, 0, 0, 0, 12) && AIC: 2673.0307176772317
(0, 0, 0, 1, 2, 1, 12) && AIC: 1994.1518536456756
(0, 0, 2, 0, 0, 2, 12) && AIC: 2349.4116156260534
(2, 2, 1, 2, 2, 1, 12) && AIC: 1811.0483729064752
(2, 1, 1, 0, 0, 0, 12) && AIC: 2625.7442134841594
(2, 0, 0, 2, 1, 1, 12) && AIC: 1974.3957326745467
(0, 0, 1, 1, 0, 0, 12) && AIC: 2344.202847863368
(2, 0, 0, 0, 2, 0, 12) && AIC: 2305.461782367546
(1, 0, 0, 2, 1, 0, 12) && AIC: 2001.4617618458774
(1, 2, 0, 1, 0, 0, 12) && AIC: 2469.1571869963154
(0, 1, 1, 2, 1, 2, 12) && AIC: 1931.9119137672474
(1, 0, 1, 2, 0, 2, 12) && AIC: 2124.5626919252245
(0, 1, 2, 1, 0, 1, 12) && AIC: 2228.9101165670836
(1, 0, 1, 1, 2, 2, 12) && AIC: 1805.0212279789107
(1, 2, 1, 2, 0, 2, 12) && AIC: 2127.4804201162815
(2, 1, 1, 1, 2, 0, 12) && AIC: 2049.1845843236233
(1, 2, 0, 1, 2, 0, 12) && AIC: 2198.144578089078
(1, 1, 0, 1, 0, 2, 12) && AIC: 2148.3476988048596
(0, 2, 0, 1, 1, 2, 12) && AIC: 2169.192306794119
(0, 2, 2, 2, 1, 1, 12) && AIC: 1954.1229687395341
(0, 0, 1, 0, 2, 0, 12) && AIC: 2303.5971868174647
(0, 1, 0, 2, 1, 0, 12) && AIC: 2039.3107266875932
(0, 2, 0, 0, 1, 2, 12) && AIC: 2167.2600030321614
(2, 0, 0, 1, 0, 0, 12) && AIC: 2319.595205937255
(2, 1, 0, 1, 0, 1, 12) && AIC: 2273.298390107871
(0, 0, 1, 2, 1, 1, 12) && AIC: 2007.1718927687555
(2, 1, 1, 1, 0, 0, 12) && AIC: 2300.6966375101374
(0, 2, 0, 2, 2, 1, 12) && AIC: 2024.6800005777013
(2, 2, 2, 1, 1, 0, 12) && AIC: 2096.4027537525108
(2, 1, 2, 2, 1, 0, 12) && AIC: 1931.8085067995107
(0, 2, 2, 1, 0, 1, 12) && AIC: 2224.8177147856727
(1, 2, 0, 0, 0, 0, 12) && AIC: 2774.699339801638
(1, 1, 0, 2, 0, 1, 12) && AIC: 2145.3417814053446
(2, 2, 1, 0, 2, 2, 12) && AIC: 1815.4543849546867
(0, 1, 1, 1, 2, 1, 12) && AIC: 1967.1070743489236
(1, 2, 0, 0, 2, 0, 12) && AIC: 2457.72963785711
(2, 0, 2, 1, 1, 1, 12) && AIC: 2101.940903096366
(1, 0, 2, 0, 1, 2, 12) && AIC: 1936.728083994179
(1, 0, 2, 1, 1, 2, 12) && AIC: 1938.4487296221948
(1, 2, 0, 2, 2, 1, 12) && AIC: 1933.6158863214291
(2, 1, 1, 2, 0, 0, 12) && AIC: 2102.7291658002796
(2, 1, 2, 1, 1, 0, 12) && AIC: 2102.0095369602136
(0, 2, 1, 0, 0, 1, 12) && AIC: 2424.663827982636
(2, 1, 0, 2, 0, 2, 12) && AIC: 2114.194449836456
(0, 0, 2, 1, 0, 2, 12) && AIC: 2102.147151595876
(1, 2, 2, 0, 1, 1, 12) && AIC: 2071.831740595479
(1, 0, 0, 0, 0, 1, 12) && AIC: 2460.6313933518736
(0, 2, 0, 1, 2, 2, 12) && AIC: 2011.281469366921
(1, 0, 1, 1, 1, 2, 12) && AIC: 1950.1885409220595
(1, 1, 1, 0, 2, 1, 12) && AIC: 2007.3103620270012
(0, 2, 2, 0, 1, 2, 12) && AIC: 1915.155680694059
(2, 2, 2, 0, 1, 1, 12) && AIC: 2074.4442450478505
(0, 2, 0, 0, 2, 2, 12) && AIC: 2009.2863597998312
(0, 1, 0, 0, 1, 0, 12) && AIC: 2403.777805594868
(0, 2, 2, 0, 2, 2, 12) && AIC: 1774.0244888063194
(1, 2, 1, 0, 1, 2, 12) && AIC: 1970.6009830080422
(0, 0, 2, 2, 0, 1, 12) && AIC: 2139.6732157138795
(0, 1, 1, 0, 0, 2, 12) && AIC: 2202.0081202564006
(0, 0, 1, 0, 0, 0, 12) && AIC: 2982.0483009283216
(2, 0, 0, 1, 2, 0, 12) && AIC: 2057.4850112476634
(2, 0, 1, 1, 2, 1, 12) && AIC: 1982.2043032353565
(2, 0, 2, 2, 0, 1, 12) && AIC: 2109.1665067829786
(2, 2, 0, 2, 2, 1, 12) && AIC: 1882.9544023352862
(2, 0, 2, 0, 1, 0, 12) && AIC: 2305.6198592409073
(2, 1, 2, 0, 1, 0, 12) && AIC: 2293.3048224078548
(2, 2, 0, 0, 2, 0, 12) && AIC: 2410.420798822911
(1, 0, 2, 0, 2, 2, 12) && AIC: 1792.094447314874
(2, 2, 1, 0, 1, 2, 12) && AIC: 1954.6657139551314
(1, 0, 0, 1, 1, 2, 12) && AIC: 1986.6510055980548
(2, 2, 0, 0, 0, 0, 12) && AIC: 2718.673408630736
(1, 0, 2, 1, 2, 2, 12) && AIC: 1793.8770834153684
(1, 2, 2, 1, 1, 0, 12) && AIC: 2108.155580569714
(0, 2, 1, 2, 0, 2, 12) && AIC: 2169.4542112262134
(1, 0, 0, 1, 2, 2, 12) && AIC: 1823.9113230445055
(1, 1, 1, 1, 0, 2, 12) && AIC: 2090.05115030876
(2, 1, 1, 0, 1, 1, 12) && AIC: 2089.719839398331
(1, 1, 1, 2, 2, 2, 12) && AIC: 1792.6346840722267
(2, 1, 1, 2, 2, 0, 12) && AIC: 1823.0903126537905
(0, 0, 1, 1, 1, 1, 12) && AIC: 2154.557046720537
(2, 0, 1, 2, 2, 0, 12) && AIC: 1834.382023324756
(1, 1, 2, 1, 0, 2, 12) && AIC: 2077.525030742039
(0, 1, 0, 1, 1, 1, 12) && AIC: 2188.2403323296185
(2, 0, 1, 0, 1, 1, 12) && AIC: 2103.3252549401177
(2, 2, 0, 1, 2, 0, 12) && AIC: 2147.9653214177238
(1, 2, 1, 1, 2, 2, 12) && AIC: 1828.1333269801498
(2, 2, 2, 2, 1, 2, 12) && AIC: 1949.0498241224968
(2, 0, 1, 2, 0, 0, 12) && AIC: 2113.7734304789674
(2, 2, 0, 1, 0, 0, 12) && AIC: 2416.970611174806
(1, 1, 2, 0, 0, 2, 12) && AIC: 2184.5534953635006
(1, 2, 1, 1, 1, 2, 12) && AIC: 1972.1801079202048
(2, 2, 2, 2, 2, 2, 12) && AIC: 1829.281052892116
(1, 2, 1, 0, 2, 2, 12) && AIC: 1827.7242150670402
(0, 1, 0, 2, 0, 1, 12) && AIC: 2202.923354505317
(0, 1, 2, 1, 2, 0, 12) && AIC: 2075.27148534153
(0, 0, 1, 2, 0, 0, 12) && AIC: 2147.536906194064
(1, 2, 1, 2, 2, 1, 12) && AIC: 1838.673903519787
(0, 1, 2, 1, 0, 0, 12) && AIC: 2324.859073619241
(0, 2, 0, 0, 0, 1, 12) && AIC: 2590.26074347835
(0, 2, 2, 1, 2, 2, 12) && AIC: 1775.7580589355707
(2, 1, 0, 1, 2, 0, 12) && AIC: 2079.6308300563414
(2, 1, 2, 2, 0, 1, 12) && AIC: 2090.0793658896796
(2, 1, 1, 1, 2, 1, 12) && AIC: 1970.8109823580294
(0, 0, 2, 2, 2, 0, 12) && AIC: 1866.269348068442
(1, 0, 1, 0, 0, 1, 12) && AIC: 2426.7980164623245
(0, 0, 1, 0, 2, 1, 12) && AIC: 2011.0746577558127
(2, 0, 0, 1, 0, 1, 12) && AIC: 2264.74165812393
(2, 0, 1, 1, 0, 0, 12) && AIC: 2314.6041061272545
(2, 1, 0, 1, 0, 0, 12) && AIC: 2334.1992588365915
(1, 1, 0, 0, 2, 1, 12) && AIC: 2065.1972255044075
(2, 2, 1, 2, 0, 2, 12) && AIC: 2109.8100154533813
(0, 0, 0, 1, 0, 2, 12) && AIC: 2130.5080073097897
(1, 1, 0, 2, 2, 0, 12) && AIC: 1871.1195512716217
(0, 1, 2, 0, 2, 0, 12) && AIC: 2284.3698204861985
(1, 1, 1, 2, 1, 2, 12) && AIC: 1933.425859513995
(0, 1, 2, 2, 1, 1, 12) && AIC: 1957.8219946759057
(1, 2, 0, 0, 0, 1, 12) && AIC: 2531.2030889884713
(1, 1, 0, 2, 0, 0, 12) && AIC: 2157.9603940565075
(0, 1, 2, 0, 0, 0, 12) && AIC: 2609.4518814283174
(0, 0, 0, 0, 0, 2, 12) && AIC: 2507.720855699661
(1, 0, 0, 0, 2, 2, 12) && AIC: 1822.3083534715292
(1, 0, 2, 1, 0, 1, 12) && AIC: 2261.7353018307813
(2, 1, 0, 0, 2, 0, 12) && AIC: 2339.5076918906598
(2, 0, 2, 1, 1, 0, 12) && AIC: 2121.7579582436388
(2, 1, 0, 2, 1, 1, 12) && AIC: 1958.3631244909361
(2, 2, 1, 1, 0, 1, 12) && AIC: 2269.6142010097174
(0, 2, 1, 1, 1, 2, 12) && AIC: 2008.35437197774
(1, 0, 0, 2, 2, 1, 12) && AIC: 1823.9948070391474
(2, 1, 2, 1, 1, 1, 12) && AIC: 2080.170357459087
(1, 0, 2, 2, 1, 1, 12) && AIC: 1960.9065795649185
(1, 2, 2, 0, 1, 0, 12) && AIC: 2304.029380016849
(1, 1, 0, 1, 1, 1, 12) && AIC: 2148.4933530601284
(1, 1, 2, 2, 1, 2, 12) && AIC: 1927.7690903842313
(0, 2, 2, 2, 0, 2, 12) && AIC: 2068.9292631610033
(0, 2, 2, 1, 1, 2, 12) && AIC: 1915.5605498632713
(2, 0, 2, 2, 1, 0, 12) && AIC: 1953.9264731881208
(1, 1, 2, 0, 2, 1, 12) && AIC: 1995.737659245774
(0, 0, 2, 0, 2, 1, 12) && AIC: 1999.6780155361143
(0, 0, 1, 2, 2, 0, 12) && AIC: 1867.022654781087
(0, 1, 1, 1, 0, 2, 12) && AIC: 2088.5890921985456
(0, 2, 0, 2, 1, 0, 12) && AIC: 2181.116371717176
(2, 2, 0, 2, 0, 0, 12) && AIC: 2211.3163577092564
(2, 2, 2, 1, 2, 1, 12) && AIC: 1953.892114113558
(2, 0, 0, 2, 0, 2, 12) && AIC: 2113.3814979398885
(2, 2, 0, 0, 1, 1, 12) && AIC: 2218.257748986464
(0, 0, 2, 2, 0, 0, 12) && AIC: 2148.753751765158
(2, 0, 1, 1, 2, 0, 12) && AIC: 2058.59375879199
(2, 2, 0, 2, 2, 0, 12) && AIC: 1906.8656420540242
(1, 2, 0, 2, 0, 2, 12) && AIC: 2256.433262188644
(1, 0, 1, 0, 2, 0, 12) && AIC: 2305.5971311531257
(0, 2, 1, 0, 2, 2, 12) && AIC: 1862.4003148637612
(1, 0, 0, 0, 1, 2, 12) && AIC: 1999.932780762611
(0, 1, 1, 2, 0, 1, 12) && AIC: 2112.350614640153
(1, 1, 1, 0, 0, 2, 12) && AIC: 2195.90904970672
(0, 2, 1, 0, 1, 2, 12) && AIC: 2006.8059829816561
(0, 2, 1, 1, 2, 2, 12) && AIC: 1864.24963042737
(2, 0, 1, 0, 0, 0, 12) && AIC: 2632.9922879009487
(0, 0, 0, 2, 1, 2, 12) && AIC: 1987.9874739906438
(0, 0, 2, 1, 1, 1, 12) && AIC: 2135.3800352416056
(2, 1, 0, 0, 0, 0, 12) && AIC: 2644.617942433728
(0, 0, 0, 0, 2, 1, 12) && AIC: 2023.3807531000266
(2, 0, 1, 0, 2, 0, 12) && AIC: 2302.978165525982
(0, 1, 0, 2, 2, 2, 12) && AIC: 1883.201571695708
(1, 1, 2, 2, 2, 2, 12) && AIC: 1780.909574698891
(2, 0, 1, 2, 2, 1, 12) && AIC: 1805.4405352602093
(1, 2, 2, 2, 1, 0, 12) && AIC: 1939.7743912521914
(1, 0, 1, 1, 2, 0, 12) && AIC: 2070.0590023898994
(2, 2, 0, 1, 2, 1, 12) && AIC: 2065.222032098663
(2, 2, 1, 1, 2, 0, 12) && AIC: 2072.0470020749754
(2, 2, 2, 0, 0, 2, 12) && AIC: 2228.4606397975895
(0, 1, 0, 0, 2, 1, 12) && AIC: 2097.286021443205
(1, 2, 1, 0, 0, 1, 12) && AIC: 2410.787377188716
(0, 1, 2, 1, 1, 1, 12) && AIC: 2076.5925928806055
(0, 2, 0, 0, 1, 0, 12) && AIC: 2566.5153818474564
(1, 2, 1, 2, 1, 0, 12) && AIC: 1981.206030585152
(2, 1, 2, 0, 2, 1, 12) && AIC: 1997.7261628353267
(0, 0, 2, 0, 0, 0, 12) && AIC: 2864.4470848528963
(1, 0, 1, 2, 2, 1, 12) && AIC: 1817.539942228028
(0, 0, 1, 2, 0, 1, 12) && AIC: 2140.8187684937484
(2, 1, 0, 1, 1, 1, 12) && AIC: 2117.8014605843514
(2, 2, 1, 0, 2, 0, 12) && AIC: 2331.3765045403375
(2, 0, 0, 0, 1, 2, 12) && AIC: 1989.2702848866195
(2, 2, 1, 2, 1, 1, 12) && AIC: 1951.4818636448051
(1, 1, 0, 0, 0, 0, 12) && AIC: 2671.958541104426
(0, 1, 2, 2, 0, 0, 12) && AIC: 2127.584356285677
(0, 2, 2, 0, 0, 1, 12) && AIC: 2370.070758112429
(1, 0, 1, 0, 0, 0, 12) && AIC: 2664.23442161158
(1, 1, 0, 2, 1, 1, 12) && AIC: 1988.4079826086863
(1, 0, 2, 1, 1, 0, 12) && AIC: 2132.3210079372257
(1, 1, 0, 0, 2, 0, 12) && AIC: 2362.414200590727
(0, 1, 2, 2, 2, 0, 12) && AIC: 1847.9691426201775
(0, 0, 0, 2, 2, 2, 12) && AIC: 1825.4442518088076
(1, 0, 0, 2, 0, 2, 12) && AIC: 2124.769028534341
(1, 2, 0, 0, 1, 2, 12) && AIC: 2090.780297076515
(2, 0, 2, 1, 0, 1, 12) && AIC: 2243.784111826708
(2, 1, 0, 2, 0, 0, 12) && AIC: 2129.7108854910794
(1, 2, 0, 1, 1, 2, 12) && AIC: 2092.6513731562077
(0, 1, 1, 2, 2, 0, 12) && AIC: 1847.0011598382803
(0, 1, 0, 1, 0, 2, 12) && AIC: 2190.563738313394
(0, 1, 2, 0, 2, 1, 12) && AIC: 1993.7335365374538
(0, 1, 0, 2, 1, 2, 12) && AIC: 2029.116503549793
(2, 1, 0, 0, 2, 1, 12) && AIC: 2054.9917529115114
(2, 1, 2, 1, 0, 2, 12) && AIC: 2077.5076407803067
(1, 2, 2, 0, 0, 1, 12) && AIC: 2365.3751063852424
(1, 1, 0, 1, 0, 0, 12) && AIC: 2359.6069588814134
(2, 1, 2, 2, 2, 2, 12) && AIC: 1781.9415519635868
(1, 0, 0, 1, 0, 1, 12) && AIC: 2279.0693742236235
(2, 2, 1, 1, 0, 0, 12) && AIC: 2327.55541824152
(1, 0, 1, 1, 0, 0, 12) && AIC: 2325.5019902119056
(2, 1, 1, 1, 0, 2, 12) && AIC: 2091.0314333111946
(1, 1, 0, 1, 2, 0, 12) && AIC: 2104.0598760969783
(1, 1, 2, 2, 0, 1, 12) && AIC: 2101.143681752555
(2, 2, 2, 1, 0, 2, 12) && AIC: 2095.958486104296
(0, 0, 1, 0, 0, 2, 12) && AIC: 2414.235587630659
(0, 2, 1, 2, 1, 1, 12) && AIC: 2035.2798342624487
(1, 0, 2, 2, 1, 0, 12) && AIC: 1959.05254911678
(2, 0, 0, 1, 2, 2, 12) && AIC: 1823.9271342824873
(0, 0, 0, 1, 1, 1, 12) && AIC: 2178.657778902648
(0, 1, 1, 1, 1, 1, 12) && AIC: 2087.5601465689633
(2, 1, 1, 0, 0, 2, 12) && AIC: 2197.8977881712763
(0, 0, 2, 2, 1, 1, 12) && AIC: 2007.0534086122016
(2, 0, 0, 1, 1, 2, 12) && AIC: 1991.2696843778785
(2, 0, 2, 2, 1, 1, 12) && AIC: 1956.1329299238282
(0, 0, 1, 1, 0, 2, 12) && AIC: 2115.110251746324
(2, 0, 0, 0, 2, 2, 12) && AIC: 1822.7137594478565
(0, 0, 2, 0, 2, 0, 12) && AIC: 2291.3977460723063
(1, 1, 2, 1, 1, 1, 12) && AIC: 2078.564180651349
(2, 0, 2, 0, 2, 2, 12) && AIC: 1853.7531073103237
(1, 2, 0, 0, 2, 2, 12) && AIC: 1935.2044847761656
(2, 0, 0, 2, 2, 1, 12) && AIC: 1809.9207275499116
(2, 2, 2, 2, 0, 1, 12) && AIC: 2108.234876105613
(2, 2, 1, 0, 0, 0, 12) && AIC: 2642.905996051526
(1, 0, 1, 2, 0, 0, 12) && AIC: 2125.6200754195315
(1, 2, 2, 1, 1, 2, 12) && AIC: 1918.4292347195505
(0, 1, 1, 0, 2, 1, 12) && AIC: 2005.8291288645482
(1, 2, 0, 1, 2, 2, 12) && AIC: 1935.8680026833972
(0, 2, 0, 1, 1, 0, 12) && AIC: 2366.9368313842706
(1, 1, 1, 2, 2, 0, 12) && AIC: 1834.4579864784987
(1, 2, 2, 1, 2, 2, 12) && AIC: 1809.6487953223789
(0, 0, 2, 1, 0, 0, 12) && AIC: 2345.8727390668346
(1, 1, 1, 0, 1, 1, 12) && AIC: 2088.3704082196073
(2, 1, 0, 2, 2, 0, 12) && AIC: 1843.7276714712507
(0, 1, 1, 2, 0, 0, 12) && AIC: 2125.724124973194
(0, 2, 1, 1, 0, 1, 12) && AIC: 2330.071120586893
(0, 0, 0, 2, 0, 1, 12) && AIC: 2142.9591491106817
(0, 0, 2, 1, 2, 0, 12) && AIC: 2084.350335902899
(0, 1, 0, 0, 0, 2, 12) && AIC: 2263.6304246294317
(2, 1, 2, 2, 1, 2, 12) && AIC: 1932.1204732925617
(2, 0, 1, 0, 0, 1, 12) && AIC: 2410.488752050788
(1, 1, 1, 1, 2, 1, 12) && AIC: 1968.871763423484
(1, 2, 1, 0, 1, 0, 12) && AIC: 2346.9819361940713
(1, 1, 2, 0, 1, 0, 12) && AIC: 2290.6685287450146
(1, 0, 2, 0, 1, 0, 12) && AIC: 2306.6743570677563
(2, 0, 2, 0, 1, 2, 12) && AIC: 1941.8459859113564
(1, 0, 1, 1, 2, 1, 12) && AIC: 1976.0962322993644
(0, 2, 0, 0, 1, 1, 12) && AIC: 2339.503916856914
(2, 1, 1, 2, 1, 2, 12) && AIC: 1934.714057323452
(2, 2, 1, 2, 0, 0, 12) && AIC: 2123.370051887672
(2, 1, 1, 0, 2, 1, 12) && AIC: 2009.3089761249153
(1, 0, 1, 0, 1, 1, 12) && AIC: 2101.3380623457497
(0, 2, 2, 2, 2, 1, 12) && AIC: 1816.800690237094
(1, 0, 1, 2, 2, 0, 12) && AIC: 1847.0812414450666
(0, 2, 2, 0, 2, 0, 12) && AIC: 2299.7294719258125
(2, 2, 1, 0, 2, 1, 12) && AIC: 2034.8013433104584
(1, 1, 1, 2, 0, 0, 12) && AIC: 2113.632520383557
(0, 1, 1, 0, 0, 0, 12) && AIC: 2648.198516550029
(0, 1, 2, 2, 0, 1, 12) && AIC: 2113.5737522195413
(2, 0, 1, 2, 0, 2, 12) && AIC: 2108.8193113456555
(0, 2, 2, 0, 0, 0, 12) && AIC: 2626.0286398382395
(1, 2, 0, 1, 0, 1, 12) && AIC: 2423.8730807482016
(1, 2, 2, 0, 2, 2, 12) && AIC: 1806.8032738305942
(2, 2, 0, 1, 0, 2, 12) && AIC: 2214.9548954487504
(1, 0, 2, 1, 1, 1, 12) && AIC: 2090.638088007753
(0, 0, 0, 0, 1, 0, 12) && AIC: 2347.6994539011985
(2, 1, 0, 2, 0, 1, 12) && AIC: 2113.6022616306386
(1, 2, 2, 2, 2, 1, 12) && AIC: 1803.5107519371586
(2, 2, 1, 1, 1, 1, 12) && AIC: 2112.334192801931
(2, 1, 2, 0, 0, 2, 12) && AIC: 2185.501125417856
(2, 2, 0, 0, 0, 2, 12) && AIC: 2306.1409785187852
(1, 1, 2, 2, 1, 0, 12) && AIC: 1943.0792966225208
(1, 2, 0, 2, 1, 1, 12) && AIC: 2089.7136867612166
(1, 0, 0, 1, 2, 0, 12) && AIC: 2069.221523739575
(0, 2, 2, 1, 2, 0, 12) && AIC: 2071.289429207282
(1, 0, 2, 2, 0, 1, 12) && AIC: 2112.893044834228
(0, 0, 1, 2, 2, 2, 12) && AIC: 1813.2004372421322
(1, 1, 1, 1, 0, 0, 12) && AIC: 2311.4348170815024
(0, 1, 1, 1, 0, 0, 12) && AIC: 2324.5805063876296
(0, 2, 0, 2, 1, 2, 12) && AIC: 2169.68300730134
(1, 1, 0, 1, 0, 1, 12) && AIC: 2305.5951798709366
(1, 0, 0, 1, 0, 0, 12) && AIC: 2331.090258510282
(0, 2, 2, 1, 0, 0, 12) && AIC: 2322.151623106407
(2, 1, 1, 2, 2, 2, 12) && AIC: 1798.3209432067292
(0, 0, 1, 2, 1, 2, 12) && AIC: 1975.6868850663298
(0, 2, 0, 2, 2, 2, 12) && AIC: 2013.2429588310915
(0, 2, 1, 2, 1, 0, 12) && AIC: 2032.2732079785437
(2, 0, 2, 2, 0, 2, 12) && AIC: 2089.278649736061
(0, 0, 0, 1, 1, 0, 12) && AIC: 2189.9558182130304
(0, 0, 1, 1, 2, 1, 12) && AIC: 1981.2139171724884
(2, 0, 0, 0, 0, 1, 12) && AIC: 2448.146222903526
(2, 0, 2, 1, 2, 2, 12) && AIC: 1787.8523661721895
(2, 2, 2, 0, 2, 1, 12) && AIC: 2031.3222006408696
(2, 2, 1, 2, 2, 0, 12) && AIC: 1836.751439523966
(2, 0, 0, 2, 1, 0, 12) && AIC: 1975.0727304893537
(1, 2, 1, 1, 1, 0, 12) && AIC: 2149.6952168808357
(0, 1, 2, 0, 0, 2, 12) && AIC: 2182.826883543024
(1, 0, 0, 0, 2, 0, 12) && AIC: 2318.768171015192
(2, 2, 2, 2, 2, 0, 12) && AIC: 1846.9533084546379
(1, 1, 2, 1, 1, 0, 12) && AIC: 2112.999044445207
(1, 0, 0, 2, 1, 1, 12) && AIC: 1993.1134896285398
(1, 1, 1, 0, 0, 0, 12) && AIC: 2623.434292624691
(1, 2, 2, 0, 1, 2, 12) && AIC: 1917.0216909251487
(2, 2, 2, 2, 0, 0, 12) && AIC: 2140.914470492531
(1, 0, 0, 0, 0, 0, 12) && AIC: 2693.8268631971177
(0, 1, 1, 2, 1, 1, 12) && AIC: 1956.36653568707
(0, 2, 1, 1, 1, 0, 12) && AIC: 2204.8528822486596
(0, 1, 2, 1, 0, 2, 12) && AIC: 2076.765114701334
(0, 0, 0, 2, 1, 0, 12) && AIC: 2032.3326543234427
(0, 1, 1, 0, 2, 0, 12) && AIC: 2297.6045984798047
(2, 1, 0, 0, 0, 2, 12) && AIC: 2235.296898990785
(2, 1, 1, 1, 1, 1, 12) && AIC: 2090.745468101023
(1, 1, 1, 2, 2, 1, 12) && AIC: 1806.4120704980219
(0, 0, 2, 1, 0, 1, 12) && AIC: 2257.2171248621316
(2, 1, 0, 1, 0, 2, 12) && AIC: 2130.239016861934
(2, 0, 1, 0, 1, 2, 12) && AIC: 1950.569843832397
(2, 0, 1, 1, 1, 2, 12) && AIC: 1951.9852005906084
(2, 2, 0, 2, 1, 2, 12) && AIC: 2038.1751714974362
(2, 2, 2, 1, 1, 1, 12) && AIC: 2075.1383070879947
(2, 2, 0, 0, 2, 1, 12) && AIC: 2122.4929595509466
(1, 1, 0, 2, 0, 2, 12) && AIC: 2145.884158846393
(0, 1, 0, 1, 2, 1, 12) && AIC: 2061.1442289955826
(1, 1, 1, 1, 2, 0, 12) && AIC: 2061.2516290655794
(0, 1, 1, 1, 2, 0, 12) && AIC: 2073.753120725082
(1, 2, 1, 0, 1, 1, 12) && AIC: 2130.1049572830552
(2, 0, 2, 1, 1, 2, 12) && AIC: 1945.5111254088993
(1, 2, 1, 2, 2, 2, 12) && AIC: 1824.0291821170595
(2, 1, 2, 1, 2, 1, 12) && AIC: 1959.2878880676376
(2, 1, 1, 2, 0, 1, 12) && AIC: 2087.87478322777
(0, 2, 0, 1, 2, 1, 12) && AIC: 2201.0633174190284
(0, 2, 2, 2, 0, 0, 12) && AIC: 2123.4221235051036
(2, 2, 1, 2, 0, 1, 12) && AIC: 2109.109459148121
(1, 1, 1, 0, 2, 0, 12) && AIC: 2296.3539309216767
(0, 2, 2, 0, 1, 1, 12) && AIC: 2069.7672896996937
(1, 2, 0, 1, 1, 0, 12) && AIC: 2264.3582137264457
(2, 0, 1, 0, 2, 2, 12) && AIC: 1805.0325238293801
(0, 2, 2, 2, 2, 0, 12) && AIC: 1844.249836277193
(1, 2, 2, 2, 0, 2, 12) && AIC: 2084.6895798026726
(0, 0, 1, 0, 1, 1, 12) && AIC: 2155.9847043764103
(0, 1, 0, 2, 2, 0, 12) && AIC: 1926.6156343260877
(0, 1, 2, 2, 1, 2, 12) && AIC: 1920.455719020136
(0, 1, 0, 0, 1, 1, 12) && AIC: 2187.4240843754505
(2, 0, 2, 0, 0, 1, 12) && AIC: 2405.680958835821
(0, 1, 0, 2, 0, 0, 12) && AIC: 2213.1283814749563
(0, 0, 2, 2, 0, 2, 12) && AIC: 2113.294975459032
(0, 1, 2, 1, 2, 1, 12) && AIC: 1955.4722100995627
(1, 0, 2, 2, 2, 2, 12) && AIC: 1792.6577312473728
(2, 0, 1, 1, 2, 2, 12) && AIC: 1806.5413843425872
(2, 2, 0, 2, 2, 2, 12) && AIC: 1882.5515506550494
(2, 1, 2, 2, 2, 0, 12) && AIC: 1824.1956157567029
(1, 0, 1, 1, 0, 2, 12) && AIC: 2101.720818076292
(2, 1, 2, 0, 1, 1, 12) && AIC: 2078.7588235701796
(1, 0, 2, 0, 2, 1, 12) && AIC: 2001.6611177884288
(1, 2, 1, 2, 1, 2, 12) && AIC: 1970.0993563540842
(1, 2, 2, 1, 0, 1, 12) && AIC: 2226.636028224526
(1, 0, 0, 1, 1, 1, 12) && AIC: 2159.4713699756144
(1, 0, 1, 0, 0, 2, 12) && AIC: 2242.989880742137
(0, 2, 1, 0, 1, 0, 12) && AIC: 2382.760046544848
(1, 1, 0, 1, 1, 2, 12) && AIC: 1992.6777024382418
(1, 1, 2, 2, 1, 1, 12) && AIC: 1947.1078612877325
(1, 2, 0, 2, 1, 0, 12) && AIC: 2088.726059973741
(1, 1, 0, 0, 1, 2, 12) && AIC: 1990.9033843036464
(0, 2, 1, 2, 0, 1, 12) && AIC: 2196.9471662287574
(0, 2, 0, 0, 0, 2, 12) && AIC: 2400.682405631448
(0, 2, 2, 1, 2, 1, 12) && AIC: 1949.9137686113613
(0, 0, 0, 1, 0, 1, 12) && AIC: 2283.484532619536
(2, 0, 0, 0, 1, 0, 12) && AIC: 2325.8843404662694
(1, 1, 0, 2, 2, 1, 12) && AIC: 1843.9738607618283
(0, 1, 1, 1, 0, 1, 12) && AIC: 2239.7033653665703
(2, 1, 1, 0, 1, 0, 12) && AIC: 2303.739395871971
(2, 0, 1, 2, 1, 1, 12) && AIC: 1946.9797692550233
(2, 2, 1, 0, 0, 2, 12) && AIC: 2212.210851489107
(0, 0, 1, 1, 1, 0, 12) && AIC: 2178.93601171931
(1, 1, 2, 1, 0, 1, 12) && AIC: 2230.726928312748
(0, 1, 2, 2, 2, 2, 12) && AIC: 1783.981972893671
(1, 0, 0, 2, 0, 0, 12) && AIC: 2134.095322886433
(2, 2, 2, 0, 0, 0, 12) && AIC: 2617.5146194870413
(1, 2, 1, 1, 2, 1, 12) && AIC: 2001.8949999535985
(2, 2, 2, 2, 1, 1, 12) && AIC: 1961.4667503427418
(2, 2, 1, 1, 0, 2, 12) && AIC: 2112.34724532322
(2, 2, 2, 0, 2, 0, 12) && AIC: 2298.342169691541
(1, 0, 0, 2, 2, 0, 12) && AIC: 1853.4960881893992
(2, 1, 0, 2, 2, 2, 12) && AIC: 1815.4409204088674
(1, 0, 0, 0, 2, 1, 12) && AIC: 2024.4314765664255
(1, 0, 2, 1, 0, 2, 12) && AIC: 2089.9780393860183
(1, 0, 2, 2, 1, 2, 12) && AIC: 1943.1068645847317
(1, 1, 1, 0, 0, 1, 12) && AIC: 2382.677320667984
(2, 1, 0, 2, 1, 2, 12) && AIC: 1960.3022002225957
(0, 2, 1, 1, 1, 1, 12) && AIC: 2168.4615362840877
(2, 0, 0, 1, 1, 0, 12) && AIC: 2135.068291825376
(0, 0, 0, 2, 1, 1, 12) && AIC: 2007.5774371991267
(0, 0, 2, 1, 1, 2, 12) && AIC: 1962.7312102291585
(1, 1, 0, 1, 2, 2, 12) && AIC: 1846.6590119772632
(2, 1, 1, 1, 1, 0, 12) && AIC: 2100.58145870638
(0, 0, 2, 0, 1, 2, 12) && AIC: 1974.7789819082332
(2, 1, 0, 1, 2, 1, 12) && AIC: 1994.428620968583
(2, 1, 2, 2, 0, 0, 12) && AIC: 2104.7830112973606
(2, 2, 2, 1, 0, 0, 12) && AIC: 2337.5513594972385
(1, 1, 2, 0, 1, 2, 12) && AIC: 1919.5553321260297
(0, 0, 2, 2, 2, 1, 12) && AIC: 1837.8274586867606
(2, 0, 1, 1, 0, 1, 12) && AIC: 2271.2365653821935
(2, 2, 0, 2, 0, 1, 12) && AIC: 2198.509290736593
(2, 2, 2, 1, 2, 0, 12) && AIC: 2095.366825834859
(1, 1, 0, 0, 2, 2, 12) && AIC: 1846.6356346649654
(1, 2, 0, 0, 1, 0, 12) && AIC: 2478.436083633931
(1, 1, 2, 0, 2, 2, 12) && AIC: 1782.6235907357682
(1, 0, 1, 2, 1, 2, 12) && AIC: 1946.9790355814675
(0, 1, 0, 1, 0, 0, 12) && AIC: 2405.194023142777
(1, 2, 1, 0, 0, 2, 12) && AIC: 2221.6387937144973
(2, 1, 1, 2, 1, 0, 12) && AIC: 1932.0399875073697
(0, 1, 1, 2, 0, 2, 12) && AIC: 2085.0037885698202
(2, 2, 0, 1, 1, 1, 12) && AIC: 2203.2901917017025
(0, 1, 0, 1, 2, 0, 12) && AIC: 2153.4225157425544
(0, 2, 0, 1, 0, 2, 12) && AIC: 2343.7476289852743
(2, 1, 2, 1, 0, 0, 12) && AIC: 2304.7035177579082
(2, 1, 2, 1, 2, 0, 12) && AIC: 2050.1735915572613
(1, 1, 1, 2, 0, 2, 12) && AIC: 2086.3144126256193
(0, 0, 2, 1, 2, 2, 12) && AIC: 1799.335318149249
(0, 1, 0, 0, 0, 0, 12) && AIC: 2679.4825185944637
(0, 0, 0, 0, 1, 2, 12) && AIC: 2013.4947801249748
(0, 2, 0, 2, 0, 1, 12) && AIC: 2357.9072987863856
(2, 0, 2, 2, 2, 1, 12) && AIC: 1865.9292599348873
(0, 1, 0, 0, 2, 0, 12) && AIC: 2388.4785353160373
(0, 0, 2, 0, 2, 2, 12) && AIC: 1797.7868767656573
(1, 0, 2, 0, 0, 2, 12) && AIC: 2224.74393901844
(1, 2, 0, 1, 1, 1, 12) && AIC: 2257.8340474562765
(2, 0, 2, 0, 2, 0, 12) && AIC: 2276.7524552230543
(2, 1, 2, 0, 0, 0, 12) && AIC: 2593.6963721822017
(0, 0, 0, 0, 2, 2, 12) && AIC: 1822.3833053347985
(0, 0, 1, 0, 1, 0, 12) && AIC: 2328.2537861455653
(0, 1, 0, 2, 2, 1, 12) && AIC: 1896.474683426944
(2, 0, 2, 0, 0, 0, 12) && AIC: 2620.643608325564
(2, 2, 0, 0, 1, 0, 12) && AIC: 2424.3647841058364
(1, 0, 1, 2, 2, 2, 12) && AIC: 1804.1624740339244
(0, 1, 2, 0, 1, 1, 12) && AIC: 2075.64983300089
(2, 1, 2, 2, 2, 1, 12) && AIC: 1797.2363473251535
(1, 2, 0, 2, 0, 1, 12) && AIC: 2255.9584987799667
(1, 2, 2, 1, 2, 0, 12) && AIC: 2112.811939211592
(1, 0, 1, 0, 2, 1, 12) && AIC: 2013.0540900350002
(0, 2, 1, 0, 2, 1, 12) && AIC: 2076.1486447149223
(1, 2, 2, 1, 0, 0, 12) && AIC: 2307.946014703278
(1, 1, 0, 0, 0, 1, 12) && AIC: 2433.3900628560996
(1, 1, 2, 1, 2, 2, 12) && AIC: 1784.2773774801608
(2, 1, 0, 0, 1, 1, 12) && AIC: 2132.8672295417587
(2, 0, 2, 1, 2, 0, 12) && AIC: 2049.3322435360988
(2, 2, 1, 2, 2, 2, 12) && AIC: 1809.9742411908055
(0, 1, 1, 0, 1, 2, 12) && AIC: 1933.8108278767957
(2, 0, 0, 0, 1, 1, 12) && AIC: 2150.542107970806
(2, 2, 1, 2, 1, 2, 12) && AIC: 1953.472836543004
(2, 0, 0, 2, 2, 2, 12) && AIC: 1809.883779520064
(1, 2, 2, 0, 2, 0, 12) && AIC: 2297.088973313913
(2, 0, 1, 2, 1, 0, 12) && AIC: 1945.0635667644892
(1, 2, 2, 2, 1, 1, 12) && AIC: 1944.656695762265
(2, 2, 1, 1, 2, 1, 12) && AIC: 1989.4682679204416
(1, 0, 0, 2, 0, 1, 12) && AIC: 2126.8086794167666
(1, 2, 2, 0, 0, 0, 12) && AIC: 2624.1613687376175
(0, 1, 2, 1, 1, 0, 12) && AIC: 2125.4425254848493
(0, 0, 1, 2, 1, 0, 12) && AIC: 2023.798899526245
(2, 1, 1, 1, 0, 1, 12) && AIC: 2242.5062900841667
(1, 1, 1, 1, 1, 2, 12) && AIC: 1937.195912528359
(0, 2, 1, 1, 0, 2, 12) && AIC: 2171.3817234569005
(2, 1, 2, 0, 2, 0, 12) && AIC: 2284.521727966421
(2, 0, 1, 1, 1, 0, 12) && AIC: 2115.5930117848193
(0, 2, 1, 2, 2, 2, 12) && AIC: 1863.1175300330042
(2, 2, 0, 2, 1, 0, 12) && AIC: 2036.351858233223
(0, 0, 0, 1, 2, 2, 12) && AIC: 1824.0843720509797
(0, 0, 2, 0, 0, 1, 12) && AIC: 2572.701741767085
(2, 1, 0, 1, 1, 0, 12) && AIC: 2127.880202570157
(0, 2, 2, 1, 0, 2, 12) && AIC: 2072.469122039086
(0, 1, 1, 1, 2, 2, 12) && AIC: 1793.2043134246364
(1, 1, 2, 2, 0, 2, 12) && AIC: 2075.8679195058767
(2, 2, 2, 1, 0, 1, 12) && AIC: 2230.539629925925
(1, 1, 2, 1, 1, 2, 12) && AIC: 1922.5743689885778
(0, 2, 2, 0, 0, 2, 12) && AIC: 2175.7883918881116
(1, 1, 0, 2, 1, 0, 12) && AIC: 1988.0116781478882
(1, 2, 1, 1, 0, 2, 12) && AIC: 2129.8302069855763
(0, 1, 1, 1, 1, 2, 12) && AIC: 1935.3890904672967
(0, 1, 1, 0, 2, 2, 12) && AIC: 1791.4057211717516
(2, 0, 0, 2, 1, 2, 12) && AIC: 1975.709658160127
(2, 0, 2, 1, 0, 0, 12) && AIC: 2326.2371148517404
(0, 1, 1, 2, 2, 1, 12) && AIC: 1818.7540393216723
(2, 1, 1, 2, 1, 1, 12) && AIC: 1933.049603397308
(1, 0, 0, 0, 0, 2, 12) && AIC: 2275.487827428145
(1, 0, 1, 1, 1, 1, 12) && AIC: 2101.8338446792054
(2, 2, 0, 1, 1, 0, 12) && AIC: 2209.7953441247073
(1, 1, 1, 0, 2, 2, 12) && AIC: 1792.9679245524228
(1, 2, 1, 2, 0, 1, 12) && AIC: 2140.419472019897
(1, 0, 0, 1, 0, 2, 12) && AIC: 2127.357147948527
(0, 2, 0, 0, 2, 1, 12) && AIC: 2233.4022560288076
(1, 1, 1, 0, 1, 2, 12) && AIC: 1935.6314912531864
(1, 1, 1, 1, 2, 2, 12) && AIC: 1794.7416723701995
(0, 2, 0, 2, 2, 0, 12) && AIC: 2057.7529983378754
(0, 0, 1, 0, 0, 1, 12) && AIC: 2648.2283565187386
(0, 2, 1, 2, 1, 2, 12) && AIC: 2008.2036777831615
(0, 0, 0, 2, 0, 2, 12) && AIC: 2127.897911880831
(2, 0, 0, 1, 2, 1, 12) && AIC: 1980.6503236032645
(0, 0, 0, 1, 1, 2, 12) && AIC: 1987.0970454424596
(2, 0, 2, 2, 0, 0, 12) && AIC: 2128.2011720695873
(0, 1, 0, 0, 0, 1, 12) && AIC: 2447.2235892763406
(2, 0, 2, 0, 1, 1, 12) && AIC: 2093.986468437841
(0, 2, 0, 2, 0, 0, 12) && AIC: 2367.08201971801
(1, 2, 0, 2, 2, 2, 12) && AIC: 1934.0081185943045
(2, 0, 2, 2, 2, 0, 12) && AIC: 1872.7234845298206
(0, 0, 2, 2, 1, 0, 12) && AIC: 2017.5988950365436
(2, 2, 1, 0, 1, 1, 12) && AIC: 2113.694332734572
(2, 1, 2, 0, 0, 1, 12) && AIC: 2363.4507789945455
(1, 2, 0, 0, 2, 1, 12) && AIC: 2157.373352183755
(2, 2, 2, 2, 0, 2, 12) && AIC: 2164.1491990104532
(1, 0, 2, 1, 2, 1, 12) && AIC: 1964.5808104948917
(1, 0, 1, 2, 0, 1, 12) && AIC: 2112.6677037600516
(1, 2, 2, 1, 1, 1, 12) && AIC: 2073.724946318661
(1, 1, 0, 0, 1, 0, 12) && AIC: 2367.3237380660676
(1, 0, 1, 0, 1, 0, 12) && AIC: 2317.8525957393113
(2, 1, 1, 0, 1, 2, 12) && AIC: 1936.872041846088
(0, 1, 2, 0, 1, 0, 12) && AIC: 2288.8245243758356
(0, 2, 0, 1, 1, 1, 12) && AIC: 2340.8833831083043
(0, 2, 2, 2, 1, 2, 12) && AIC: 1917.530762025736
(0, 2, 2, 0, 2, 1, 12) && AIC: 1989.0343330598703
(2, 0, 1, 0, 1, 0, 12) && AIC: 2319.9308938331296
(2, 1, 1, 0, 2, 2, 12) && AIC: 1794.5718100725276
(2, 1, 0, 0, 1, 0, 12) && AIC: 2341.718016369137
(2, 0, 1, 2, 0, 1, 12) && AIC: 2147.919226351564
(0, 0, 1, 1, 2, 2, 12) && AIC: 1811.678024345595
(2, 0, 0, 0, 0, 2, 12) && AIC: 2258.9598235935614
(2, 0, 2, 1, 2, 1, 12) && AIC: 1966.1114441141988
(1, 2, 2, 2, 0, 0, 12) && AIC: 2111.620274925963
(1, 1, 2, 0, 0, 1, 12) && AIC: 2370.7705568742012
(1, 2, 2, 2, 2, 0, 12) && AIC: 1830.661121081309
(2, 2, 1, 1, 1, 0, 12) && AIC: 2121.404049459259
(0, 1, 0, 2, 0, 2, 12) && AIC: 2188.739939916437
(1, 0, 0, 2, 1, 2, 12) && AIC: 1987.1170983691195
(1, 0, 2, 2, 2, 0, 12) && AIC: 1847.6874137674704
(1, 0, 2, 0, 1, 1, 12) && AIC: 2090.5212910992836
(1, 2, 1, 2, 2, 0, 12) && AIC: 1864.2397017613116
(1, 2, 0, 1, 0, 2, 12) && AIC: 2257.9640548067855
(1, 2, 2, 0, 2, 1, 12) && AIC: 1990.5998577031037
(1, 2, 0, 2, 1, 2, 12) && AIC: 2091.6869613831605
(1, 0, 0, 1, 2, 1, 12) && AIC: 1993.9687999815674
(1, 0, 2, 2, 0, 0, 12) && AIC: 2127.20887284729
(0, 0, 2, 0, 1, 0, 12) && AIC: 2314.02972146511
(2, 1, 2, 2, 0, 2, 12) && AIC: 2108.7372952483233
(0, 2, 1, 0, 0, 2, 12) && AIC: 2240.6509696968005
(2, 0, 1, 1, 1, 1, 12) && AIC: 2103.7959759993973
(2, 2, 0, 2, 1, 1, 12) && AIC: 2036.4706424114236
(2, 2, 2, 1, 1, 2, 12) && AIC: 1921.550898039692
(0, 2, 2, 2, 2, 2, 12) && AIC: 1777.860392736954
(1, 1, 1, 2, 1, 1, 12) && AIC: 1944.597545652933
(2, 2, 2, 0, 1, 2, 12) && AIC: 1918.2674122390745
(0, 1, 2, 2, 1, 0, 12) && AIC: 1956.730560531723
(0, 0, 1, 1, 1, 2, 12) && AIC: 1974.7926545185683
(1, 2, 1, 1, 1, 1, 12) && AIC: 2129.423987215591
(2, 2, 2, 2, 2, 1, 12) && AIC: 1861.640878027156
(0, 0, 0, 0, 0, 1, 12) && AIC: 2793.4846472213176
(0, 1, 1, 0, 0, 1, 12) && AIC: 2396.331410421297
(2, 1, 0, 2, 1, 0, 12) && AIC: 1958.1997343625146
(0, 1, 1, 2, 1, 0, 12) && AIC: 1955.0933170495866
(2, 2, 0, 1, 0, 1, 12) && AIC: 2364.6234758851474
(1, 0, 0, 2, 2, 2, 12) && AIC: 1825.4980301202495
(2, 1, 1, 1, 2, 2, 12) && AIC: 1796.3801203258097
(1, 2, 1, 0, 2, 1, 12) && AIC: 2044.6066090458398
(1, 1, 0, 1, 1, 0, 12) && AIC: 2156.1516923929803
(1, 0, 1, 1, 1, 0, 12) && AIC: 2130.430575173086
(0, 2, 0, 0, 0, 0, 12) && AIC: 2824.5336556306856
(0, 0, 1, 2, 2, 1, 12) && AIC: 1837.7978611114283
(1, 2, 1, 2, 0, 0, 12) && AIC: 2151.828301840731
(1, 1, 1, 1, 0, 1, 12) && AIC: 2241.4240945558977
(0, 2, 0, 2, 1, 1, 12) && AIC: 2182.8408304474337
(0, 2, 0, 0, 2, 0, 12) && AIC: 2532.2609403113474
(1, 2, 0, 0, 0, 2, 12) && AIC: 2337.9939691941263
(2, 2, 2, 1, 2, 2, 12) && AIC: 1886.8545680420468
(0, 1, 0, 0, 1, 2, 12) && AIC: 2027.3577672096635
(0, 1, 0, 1, 1, 2, 12) && AIC: 2029.1827017711278
(2, 0, 0, 2, 0, 1, 12) && AIC: 2110.403813345587
(2, 2, 0, 0, 1, 2, 12) && AIC: 2053.2806979300894
(1, 0, 1, 2, 1, 0, 12) && AIC: 1957.2561491251674
(2, 2, 2, 0, 2, 2, 12) && AIC: 1821.9247139432343
(2, 2, 0, 0, 2, 2, 12) && AIC: 1902.173544748834
(2, 1, 2, 1, 1, 2, 12) && AIC: 1932.8249673842374
(2, 2, 1, 0, 1, 0, 12) && AIC: 2335.033124166233
(0, 1, 2, 0, 0, 1, 12) && AIC: 2369.195410556262
(0, 2, 0, 1, 0, 0, 12) && AIC: 2564.4787750915766
(1, 0, 2, 1, 0, 0, 12) && AIC: 2324.430458188088
(1, 0, 2, 1, 2, 0, 12) && AIC: 2072.0398315207212
(0, 2, 0, 1, 2, 0, 12) && AIC: 2293.467245919919
(0, 2, 2, 2, 0, 1, 12) && AIC: 2109.3540530093646
(1, 1, 0, 0, 1, 1, 12) && AIC: 2149.999197915644
(0, 0, 2, 1, 1, 0, 12) && AIC: 2172.9302781122515
(2, 1, 0, 0, 0, 1, 12) && AIC: 2422.849737278706
(2, 1, 1, 2, 0, 2, 12) && AIC: 2087.1009388334087
(2, 1, 1, 1, 1, 2, 12) && AIC: 1938.3538028769954
(0, 0, 0, 0, 2, 0, 12) && AIC: 2319.8692114580335
(2, 0, 1, 0, 2, 1, 12) && AIC: 2015.0352825186949
(0, 0, 1, 0, 2, 2, 12) && AIC: 1809.9494039945291
(2, 0, 0, 1, 0, 2, 12) && AIC: 2126.0819629338534
(1, 1, 2, 2, 2, 1, 12) && AIC: 1806.8024893224233
(0, 2, 2, 1, 1, 1, 12) && AIC: 2070.9854873571694
(1, 1, 2, 0, 2, 0, 12) && AIC: 2286.326734245501
(0, 1, 0, 0, 2, 2, 12) && AIC: 1881.9176685014127
(1, 0, 2, 0, 0, 0, 12) && AIC: 2619.6952079949197
(1, 2, 1, 0, 0, 0, 12) && AIC: 2650.1434846552875
(0, 1, 2, 1, 1, 2, 12) && AIC: 1923.6801284804255
(1, 2, 2, 2, 0, 1, 12) && AIC: 2099.783644411582
(1, 1, 2, 0, 0, 0, 12) && AIC: 2610.0148917805454
(1, 0, 2, 0, 2, 0, 12) && AIC: 2288.989361376688
(0, 1, 0, 1, 2, 2, 12) && AIC: 1883.6041084157646
(2, 1, 2, 0, 2, 2, 12) && AIC: 1786.095113378593
(0, 2, 1, 2, 2, 0, 12) && AIC: 1919.500149431509
(0, 1, 2, 1, 2, 2, 12) && AIC: 1782.0316743411513
(1, 0, 2, 2, 2, 1, 12) && AIC: 1818.5993898702664
(0, 2, 1, 0, 1, 1, 12) && AIC: 2166.863410241257
(2, 1, 2, 0, 1, 2, 12) && AIC: 1920.8226066877055
(2, 1, 2, 1, 2, 2, 12) && AIC: 1785.9532782477295
(1, 0, 0, 0, 1, 1, 12) && AIC: 2161.3823691878065
(0, 0, 2, 0, 1, 1, 12) && AIC: 2137.530797849151
(2, 1, 0, 1, 2, 2, 12) && AIC: 1833.6292008498226
(1, 1, 2, 1, 2, 0, 12) && AIC: 2059.597452160682
(1, 1, 0, 2, 1, 2, 12) && AIC: 1990.3876807346855
(1, 2, 1, 1, 0, 0, 12) && AIC: 2353.006317373931
(2, 0, 1, 2, 2, 2, 12) && AIC: 1804.8910942851726
(0, 2, 1, 1, 2, 1, 12) && AIC: 2041.5272593606226
(1, 1, 2, 1, 0, 0, 12) && AIC: 2311.4554092662106
(2, 2, 0, 1, 2, 2, 12) && AIC: 1901.8259650267291
(0, 0, 0, 2, 2, 1, 12) && AIC: 1837.5717302845055
(0, 1, 1, 0, 1, 0, 12) && AIC: 2302.237496403367
(2, 2, 2, 0, 0, 1, 12) && AIC: 2357.557146415128
(2, 0, 2, 1, 0, 2, 12) && AIC: 2125.5480533164136
(0, 2, 2, 0, 1, 0, 12) && AIC: 2285.6966358375266
(1, 1, 0, 2, 2, 2, 12) && AIC: 1848.6505601187405
(1, 1, 1, 2, 1, 0, 12) && AIC: 1943.5225396515657
(0, 0, 1, 0, 1, 2, 12) && AIC: 1992.9898912512754
(2, 0, 2, 0, 0, 2, 12) && AIC: 2226.536209694562
(0, 0, 0, 0, 0, 0, 12) && AIC: 3182.4394373551067
(1, 2, 2, 0, 0, 2, 12) && AIC: 2169.6213653107625
(1, 0, 1, 1, 0, 1, 12) && AIC: 2252.516272187056
(1, 2, 1, 2, 1, 1, 12) && AIC: 1981.4539772160365
(1, 1, 1, 1, 1, 0, 12) && AIC: 2111.674457420786
(1, 2, 2, 1, 0, 2, 12) && AIC: 2072.983150446078
(1, 2, 1, 0, 2, 0, 12) && AIC: 2339.615633795813
(1, 0, 0, 1, 1, 0, 12) && AIC: 2158.4001545091314
(0, 0, 0, 1, 2, 0, 12) && AIC: 2081.795945029453
(2, 1, 0, 1, 1, 2, 12) && AIC: 1976.3716467466136
(2, 1, 1, 0, 0, 1, 12) && AIC: 2384.337166030906
(0, 0, 2, 2, 1, 2, 12) && AIC: 1963.256916945784
(0, 2, 1, 2, 0, 0, 12) && AIC: 2206.812768633811
(0, 0, 1, 1, 0, 1, 12) && AIC: 2268.039108598151
(2, 0, 0, 0, 2, 1, 12) && AIC: 2026.426839606907
(0, 0, 0, 1, 0, 0, 12) && AIC: 2344.4306122064
(0, 1, 0, 1, 0, 1, 12) && AIC: 2348.6956245079136
(0, 1, 2, 0, 2, 2, 12) && AIC: 1780.336875752577
(2, 2, 1, 2, 1, 0, 12) && AIC: 1951.5737048301905
(2, 0, 0, 2, 2, 0, 12) && AIC: 1838.9470953551177
(0, 0, 2, 2, 2, 2, 12) && AIC: 1801.0185483962177
(2, 0, 1, 1, 0, 2, 12) && AIC: 2159.726983716319
(2, 0, 1, 2, 1, 2, 12) && AIC: 1950.4871347035428
(2, 2, 1, 0, 0, 1, 12) && AIC: 2400.252068000751
(2, 2, 0, 2, 0, 2, 12) && AIC: 2199.035027133713
(2, 2, 0, 1, 1, 2, 12) && AIC: 2055.1938277706977
(0, 1, 2, 2, 2, 1, 12) && AIC: 1819.8779134964757
(2, 0, 0, 2, 0, 0, 12) && AIC: 2119.4988896888894
(1, 2, 0, 1, 2, 1, 12) && AIC: 2117.551728150712
(1, 2, 1, 1, 2, 0, 12) && AIC: 2096.483551757662
(2, 2, 2, 2, 1, 0, 12) && AIC: 1928.0082130856547
(0, 2, 2, 2, 1, 0, 12) && AIC: 1951.8166811295314
(1, 0, 1, 2, 1, 1, 12) && AIC: 1959.1112877419255
(0, 1, 0, 2, 1, 1, 12) && AIC: 2040.7665837309196
(1, 0, 1, 0, 2, 2, 12) && AIC: 1803.428922620475
(2, 1, 0, 2, 2, 1, 12) && AIC: 1816.3227712211083
(0, 2, 1, 1, 0, 0, 12) && AIC: 2398.2415489408904
(0, 2, 0, 1, 0, 1, 12) && AIC: 2514.991886514173
(0, 0, 0, 2, 0, 0, 12) && AIC: 2148.14382361133
(0, 0, 2, 1, 2, 1, 12) && AIC: 1968.054448457594
(2, 1, 2, 2, 1, 1, 12) && AIC: 1942.6078631128837
(0, 0, 1, 2, 0, 2, 12) && AIC: 2112.7272231272764
(2, 0, 0, 1, 1, 1, 12) && AIC: 2133.646224495119
(2, 0, 2, 2, 1, 2, 12) && AIC: 1945.1691407062594
(1, 1, 0, 1, 2, 1, 12) && AIC: 2020.8549305544223
(1, 1, 2, 2, 0, 0, 12) && AIC: 2116.627618229609
(1, 1, 2, 0, 1, 1, 12) && AIC: 2077.6342845749564
(1, 1, 2, 2, 2, 0, 12) && AIC: 1836.7091855734482
(0, 1, 1, 1, 1, 0, 12) && AIC: 2123.5619828810477
(1, 2, 0, 2, 2, 0, 12) && AIC: 1963.164928451353
(1, 2, 2, 2, 1, 2, 12) && AIC: 1940.570709084117
(2, 2, 1, 1, 2, 2, 12) && AIC: 1815.486585978598
(0, 2, 2, 1, 1, 0, 12) && AIC: 2120.569848697403
(1, 2, 0, 0, 1, 1, 12) && AIC: 2258.216144855044
(0, 2, 1, 0, 0, 0, 12) && AIC: 2659.3030941641528
(1, 0, 2, 0, 0, 1, 12) && AIC: 2389.5489024061153
(0, 1, 2, 0, 1, 2, 12) && AIC: 1921.8854531645175
(1, 2, 0, 2, 0, 0, 12) && AIC: 2266.331750879279
(1, 2, 2, 1, 2, 1, 12) && AIC: 1951.719808846038
