(2, 1, 1, 0, 2, 0, 12) && AIC: 2362.474871509944
(1, 0, 1, 0, 1, 2, 12) && AIC: 2026.5967610154007
(0, 2, 1, 2, 2, 1, 12) && AIC: 1966.0661842010545
(2, 1, 0, 0, 2, 2, 12) && AIC: 1907.9639170662258
(2, 1, 2, 1, 0, 1, 12) && AIC: 2351.583819198814
(2, 2, 2, 0, 1, 0, 12) && AIC: 2382.141652645044
(2, 0, 1, 0, 0, 2, 12) && AIC: 2363.8069887546185
(1, 1, 1, 0, 1, 0, 12) && AIC: 2393.4465010444674
(1, 0, 0, 0, 1, 0, 12) && AIC: 2426.423840212329
(1, 1, 1, 2, 0, 1, 12) && AIC: 2173.885782680859
(1, 1, 2, 1, 2, 1, 12) && AIC: 2032.7777143765272
(1, 1, 0, 0, 0, 2, 12) && AIC: 2327.89848315116
(1, 2, 1, 1, 0, 1, 12) && AIC: 2409.491856469066
(0, 0, 0, 0, 1, 1, 12) && AIC: 2237.6927808158725
(0, 2, 0, 2, 0, 2, 12) && AIC: 2423.2778209079343
(0, 2, 1, 1, 2, 0, 12) && AIC: 2199.9388514825237
(2, 0, 2, 2, 2, 2, 12) && AIC: 1860.2567756463445
(0, 0, 0, 2, 2, 0, 12) && AIC: 1931.2424155129556
(0, 1, 1, 0, 1, 1, 12) && AIC: 2169.6362713462886
(1, 2, 2, 2, 2, 2, 12) && AIC: 1835.2771845508998
(0, 1, 1, 2, 2, 2, 12) && AIC: 1857.0568038050747
(2, 0, 2, 0, 2, 1, 12) && AIC: 2060.4574400033857
(2, 2, 1, 1, 1, 2, 12) && AIC: 2034.9971481179232
(2, 2, 0, 0, 0, 1, 12) && AIC: 2626.042010118088
(1, 0, 2, 2, 0, 2, 12) && AIC: 2156.456227497406
(2, 1, 1, 2, 2, 1, 12) && AIC: 1858.674811794015
(0, 2, 1, 0, 2, 0, 12) && AIC: 2430.957104228414
(0, 1, 0, 1, 1, 0, 12) && AIC: 2299.519893186847
(1, 1, 1, 1, 1, 1, 12) && AIC: 2170.863899954033
(0, 1, 2, 2, 0, 2, 12) && AIC: 2147.319797270243
(2, 1, 0, 0, 1, 2, 12) && AIC: 2056.179870932265
(0, 0, 1, 1, 2, 0, 12) && AIC: 2137.5112946123936
(2, 0, 0, 0, 0, 0, 12) && AIC: 2853.828420120357
(0, 0, 0, 1, 2, 1, 12) && AIC: 2090.1415566287196
(0, 0, 2, 0, 0, 2, 12) && AIC: 2438.214326314922
(2, 2, 1, 2, 2, 1, 12) && AIC: 1880.3408384212157
(2, 1, 1, 0, 0, 0, 12) && AIC: 2800.1294667645316
(2, 0, 0, 2, 1, 1, 12) && AIC: 2046.9581374407815
(2, 0, 0, 0, 2, 0, 12) && AIC: 2371.5304281100607
(0, 0, 1, 1, 0, 0, 12) && AIC: 2425.0805095475216
(1, 0, 0, 2, 1, 0, 12) && AIC: 2059.6488976015426
(1, 2, 0, 1, 0, 0, 12) && AIC: 2563.459208569535
(0, 1, 1, 2, 1, 2, 12) && AIC: 2007.744060387233
(1, 0, 1, 2, 0, 2, 12) && AIC: 2171.578103124353
(0, 1, 2, 1, 0, 1, 12) && AIC: 2344.185891495161
(1, 0, 1, 1, 2, 2, 12) && AIC: 1883.8303921192025
(1, 2, 1, 2, 0, 2, 12) && AIC: 2213.781738726776
(2, 1, 1, 1, 2, 0, 12) && AIC: 2102.310459895511
(1, 2, 0, 1, 2, 0, 12) && AIC: 2260.9157503620468
(1, 1, 0, 1, 0, 2, 12) && AIC: 2235.9239186839186
(0, 2, 0, 1, 1, 2, 12) && AIC: 2237.4595055661275
(0, 2, 2, 2, 1, 1, 12) && AIC: 2028.225677463578
(0, 0, 1, 0, 2, 0, 12) && AIC: 2371.7412691375625
(0, 1, 0, 2, 1, 0, 12) && AIC: 2121.8132179612626
(0, 2, 0, 0, 1, 2, 12) && AIC: 2235.9368617519776
(2, 0, 0, 1, 0, 0, 12) && AIC: 2398.796839919145
(2, 1, 0, 1, 0, 1, 12) && AIC: 2401.390757719906
(0, 0, 1, 2, 1, 1, 12) && AIC: 2076.75109852883
(2, 1, 1, 1, 0, 0, 12) && AIC: 2387.148253090168
(0, 2, 0, 2, 2, 1, 12) && AIC: 2097.686371353817
(2, 2, 2, 1, 1, 0, 12) && AIC: 2175.85690885377
(2, 1, 2, 2, 1, 0, 12) && AIC: 2010.3270608281778
(0, 2, 2, 1, 0, 1, 12) && AIC: 2345.43799684118
(1, 2, 0, 0, 0, 0, 12) && AIC: 2947.011623524453
(1, 1, 0, 2, 0, 1, 12) && AIC: 2235.8375844544344
(2, 2, 1, 0, 2, 2, 12) && AIC: 1878.8256561779212
(0, 1, 1, 1, 2, 1, 12) && AIC: 2047.1885277640395
(1, 2, 0, 0, 2, 0, 12) && AIC: 2539.7738657393
(2, 0, 2, 1, 1, 1, 12) && AIC: 2170.5824682603834
(1, 0, 2, 0, 1, 2, 12) && AIC: 2006.2418896969693
(1, 0, 2, 1, 1, 2, 12) && AIC: 2008.0540916429936
(1, 2, 0, 2, 2, 1, 12) && AIC: 2013.2568636926544
(2, 1, 1, 2, 0, 0, 12) && AIC: 2166.76135317994
(2, 1, 2, 1, 1, 0, 12) && AIC: 2178.263082044841
(0, 2, 1, 0, 0, 1, 12) && AIC: 2550.295555455666
(2, 1, 0, 2, 0, 2, 12) && AIC: 2205.2184406350934
(0, 0, 2, 1, 0, 2, 12) && AIC: 2156.670861747532
(1, 2, 2, 0, 1, 1, 12) && AIC: 2180.9992061750604
(1, 0, 0, 0, 0, 1, 12) && AIC: 2587.716233378833
(0, 2, 0, 1, 2, 2, 12) && AIC: 2073.23351237729
(1, 0, 1, 1, 1, 2, 12) && AIC: 2018.7597130550512
(1, 1, 1, 0, 2, 1, 12) && AIC: 2062.006476266218
(0, 2, 2, 0, 1, 2, 12) && AIC: 1984.937875061696
(2, 2, 2, 0, 1, 1, 12) && AIC: 2177.792486725609
(0, 2, 0, 0, 2, 2, 12) && AIC: 2080.643582768118
(0, 1, 0, 0, 1, 0, 12) && AIC: 2492.406965615007
(0, 2, 2, 0, 2, 2, 12) && AIC: 1831.2855404955537
(1, 2, 1, 0, 1, 2, 12) && AIC: 2046.2999940081577
(0, 0, 2, 2, 0, 1, 12) && AIC: 2199.1338975223107
(0, 1, 1, 0, 0, 2, 12) && AIC: 2288.681085776166
(0, 0, 1, 0, 0, 0, 12) && AIC: 3248.812897902384
(2, 0, 0, 1, 2, 0, 12) && AIC: 2110.275362297636
(2, 0, 1, 1, 2, 1, 12) && AIC: 2079.9579266300498
(2, 0, 2, 2, 0, 1, 12) && AIC: 2175.9705705791066
(2, 2, 0, 2, 2, 1, 12) && AIC: 1954.00754063609
(2, 0, 2, 0, 1, 0, 12) && AIC: 2391.720389594559
(2, 1, 2, 0, 1, 0, 12) && AIC: 2376.9589058088786
(2, 2, 0, 0, 2, 0, 12) && AIC: 2481.4805000795627
(1, 0, 2, 0, 2, 2, 12) && AIC: 1849.4318996780937
(2, 2, 1, 0, 1, 2, 12) && AIC: 2033.9397334981047
(1, 0, 0, 1, 1, 2, 12) && AIC: 2061.116102485566
(2, 2, 0, 0, 0, 0, 12) && AIC: 2893.417193522044
(1, 0, 2, 1, 2, 2, 12) && AIC: 1851.376216495893
(1, 2, 2, 1, 1, 0, 12) && AIC: 2216.345427603527
(0, 2, 1, 2, 0, 2, 12) && AIC: 2253.375313509438
(1, 0, 0, 1, 2, 2, 12) && AIC: 1884.0860066687972
(1, 1, 1, 1, 0, 2, 12) && AIC: 2160.483241512808
(2, 1, 1, 0, 1, 1, 12) && AIC: 2173.232806780332
(1, 1, 1, 2, 2, 2, 12) && AIC: 1858.82775366798
(2, 1, 1, 2, 2, 0, 12) && AIC: 1894.8655947803877
(0, 0, 1, 1, 1, 1, 12) && AIC: 2217.076379001858
(2, 0, 1, 2, 2, 0, 12) && AIC: 1906.8145405104392
(1, 1, 2, 1, 0, 2, 12) && AIC: 2146.9841487833605
(0, 1, 0, 1, 1, 1, 12) && AIC: 2274.7653188997574
(2, 0, 1, 0, 1, 1, 12) && AIC: 2186.4885367896404
(2, 2, 0, 1, 2, 0, 12) && AIC: 2200.8854273073057
(1, 2, 1, 1, 2, 2, 12) && AIC: 1892.736665634262
(2, 2, 2, 2, 1, 2, 12) && AIC: 1991.0756740278625
(2, 0, 1, 2, 0, 0, 12) && AIC: 2178.448933823049
(2, 2, 0, 1, 0, 0, 12) && AIC: 2504.638549160197
(1, 1, 2, 0, 0, 2, 12) && AIC: 2257.310496230664
(1, 2, 1, 1, 1, 2, 12) && AIC: 2046.880520354013
(2, 2, 2, 2, 2, 2, 12) && AIC: 1837.1968454002433
(1, 2, 1, 0, 2, 2, 12) && AIC: 1892.308388906054
(0, 1, 0, 2, 0, 1, 12) && AIC: 2290.2301606187675
(0, 1, 2, 1, 2, 0, 12) && AIC: 2130.4950957214355
(0, 0, 1, 2, 0, 0, 12) && AIC: 2203.2382483334304
(1, 2, 1, 2, 2, 1, 12) && AIC: 1916.460343941615
(0, 1, 2, 1, 0, 0, 12) && AIC: 2413.117759298404
(0, 2, 0, 0, 0, 1, 12) && AIC: 2699.589954978812
(0, 2, 2, 1, 2, 2, 12) && AIC: 1831.8778840582324
(2, 1, 0, 1, 2, 0, 12) && AIC: 2136.1330070481226
(2, 1, 2, 2, 0, 1, 12) && AIC: 2163.3794778171787
(2, 1, 1, 1, 2, 1, 12) && AIC: 2051.086648175979
(0, 0, 2, 2, 2, 0, 12) && AIC: 1935.100088799878
(1, 0, 1, 0, 0, 1, 12) && AIC: 2547.818627818951
(0, 0, 1, 0, 2, 1, 12) && AIC: 2081.5565794902686
(2, 0, 0, 1, 0, 1, 12) && AIC: 2380.843411899573
(2, 0, 1, 1, 0, 0, 12) && AIC: 2399.02918676274
(2, 1, 0, 1, 0, 0, 12) && AIC: 2424.8215335030513
(1, 1, 0, 0, 2, 1, 12) && AIC: 2128.037240100563
(2, 2, 1, 2, 0, 2, 12) && AIC: 2196.6492803292144
(0, 0, 0, 1, 0, 2, 12) && AIC: 2182.2900004022226
(1, 1, 0, 2, 2, 0, 12) && AIC: 1954.7342080821645
(0, 1, 2, 0, 2, 0, 12) && AIC: 2348.097970101779
(1, 1, 1, 2, 1, 2, 12) && AIC: 2009.8234043173597
(0, 1, 2, 2, 1, 1, 12) && AIC: 2034.9110019716081
(1, 2, 0, 0, 0, 1, 12) && AIC: 2661.8171484441773
(1, 1, 0, 2, 0, 0, 12) && AIC: 2238.5410486455107
(0, 1, 2, 0, 0, 0, 12) && AIC: 2781.937296744989
(0, 0, 0, 0, 0, 2, 12) && AIC: 2618.522263064071
(1, 0, 0, 0, 2, 2, 12) && AIC: 1888.81878080585
(1, 0, 2, 1, 0, 1, 12) && AIC: 2343.130745048533
(2, 1, 0, 0, 2, 0, 12) && AIC: 2403.000615477349
(2, 0, 2, 1, 1, 0, 12) && AIC: 2219.400064130906
(2, 1, 0, 2, 1, 1, 12) && AIC: 2043.938834808679
(2, 2, 1, 1, 0, 1, 12) && AIC: 2392.422265811527
(0, 2, 1, 1, 1, 2, 12) && AIC: 2076.0440948181867
(1, 0, 0, 2, 2, 1, 12) && AIC: 1893.206100049391
(2, 1, 2, 1, 1, 1, 12) && AIC: 2162.9938158793875
(1, 0, 2, 2, 1, 1, 12) && AIC: 2041.1751352402653
(1, 2, 2, 0, 1, 0, 12) && AIC: 2383.724961737782
(1, 1, 0, 1, 1, 1, 12) && AIC: 2241.248954243299
(1, 1, 2, 2, 1, 2, 12) && AIC: 1995.6579057599527
(0, 2, 2, 2, 0, 2, 12) && AIC: 2145.23749808875
(0, 2, 2, 1, 1, 2, 12) && AIC: 2018.4878017496253
(2, 0, 2, 2, 1, 0, 12) && AIC: 2023.4785738342603
(1, 1, 2, 0, 2, 1, 12) && AIC: 2045.3311049100694
(0, 0, 2, 0, 2, 1, 12) && AIC: 2067.751964047966
(0, 0, 1, 2, 2, 0, 12) && AIC: 1933.1568068884108
(0, 1, 1, 1, 0, 2, 12) && AIC: 2158.5486421871074
(0, 2, 0, 2, 1, 0, 12) && AIC: 2259.923617514854
(2, 2, 0, 2, 0, 0, 12) && AIC: 2285.3964782275
(2, 2, 2, 1, 2, 1, 12) && AIC: 2024.7868291088062
(2, 0, 0, 2, 0, 2, 12) && AIC: 2171.997645036966
(2, 2, 0, 0, 1, 1, 12) && AIC: 2300.639155650196
(0, 0, 2, 2, 0, 0, 12) && AIC: 2205.2800644704876
(2, 0, 1, 1, 2, 0, 12) && AIC: 2109.5087873691627
(2, 2, 0, 2, 2, 0, 12) && AIC: 1986.3062101719033
(1, 2, 0, 2, 0, 2, 12) && AIC: 2348.821711986504
(1, 0, 1, 0, 2, 0, 12) && AIC: 2372.21331185913
(0, 2, 1, 0, 2, 2, 12) && AIC: 1926.2682829129658
(1, 0, 0, 0, 1, 2, 12) && AIC: 2059.2064548074086
(0, 1, 1, 2, 0, 1, 12) && AIC: 2195.9906510815786
(1, 1, 1, 0, 0, 2, 12) && AIC: 2274.279846764972
(0, 2, 1, 0, 1, 2, 12) && AIC: 2078.4887058772047
(0, 2, 1, 1, 2, 2, 12) && AIC: 1928.0439210857483
(2, 0, 1, 0, 0, 0, 12) && AIC: 2812.979246391081
(0, 0, 0, 2, 1, 2, 12) && AIC: 2056.897012108812
(0, 0, 2, 1, 1, 1, 12) && AIC: 2203.4002581558225
(2, 1, 0, 0, 0, 0, 12) && AIC: 2826.2476993195187
(0, 0, 0, 0, 2, 1, 12) && AIC: 2093.98726720636
(2, 0, 1, 0, 2, 0, 12) && AIC: 2373.5025392047337
(0, 1, 0, 2, 2, 2, 12) && AIC: 1952.9072187561126
(1, 1, 2, 2, 2, 2, 12) && AIC: 1841.6589833655073
(2, 0, 1, 2, 2, 1, 12) && AIC: 1880.883751045989
(1, 2, 2, 2, 1, 0, 12) && AIC: 2019.5800261510567
(1, 0, 1, 1, 2, 0, 12) && AIC: 2122.6161044886485
(2, 2, 0, 1, 2, 1, 12) && AIC: 2149.1751749194955
(2, 2, 1, 1, 2, 0, 12) && AIC: 2124.273710754717
(2, 2, 2, 0, 0, 2, 12) && AIC: 2251.4639567932554
(0, 1, 0, 0, 2, 1, 12) && AIC: 2152.699091024824
(1, 2, 1, 0, 0, 1, 12) && AIC: 2545.896485089054
(0, 1, 2, 1, 1, 1, 12) && AIC: 2160.559518792724
(0, 2, 0, 0, 1, 0, 12) && AIC: 2646.5244589425097
(1, 2, 1, 2, 1, 0, 12) && AIC: 2063.073131605594
(2, 1, 2, 0, 2, 1, 12) && AIC: 2049.463209847046
(0, 0, 2, 0, 0, 0, 12) && AIC: 3044.209824171573
(1, 0, 1, 2, 2, 1, 12) && AIC: 1894.978066394274
(0, 0, 1, 2, 0, 1, 12) && AIC: 2205.295689084297
(2, 1, 0, 1, 1, 1, 12) && AIC: 2211.002808064738
(2, 2, 1, 0, 2, 0, 12) && AIC: 2393.065305049807
(2, 0, 0, 0, 1, 2, 12) && AIC: 2058.705022629081
(2, 2, 1, 2, 1, 1, 12) && AIC: 2036.0951011095126
(1, 1, 0, 0, 0, 0, 12) && AIC: 2854.0203048432004
(0, 1, 2, 2, 0, 0, 12) && AIC: 2196.0054743422643
(0, 2, 2, 0, 0, 1, 12) && AIC: 2514.2037201258727
(1, 0, 1, 0, 0, 0, 12) && AIC: 2851.2653354568124
(1, 1, 0, 2, 1, 1, 12) && AIC: 2070.809281603907
(1, 0, 2, 1, 1, 0, 12) && AIC: 2233.302468229539
(1, 1, 0, 0, 2, 0, 12) && AIC: 2439.5500596103916
(0, 1, 2, 2, 2, 0, 12) && AIC: 1926.9868936619405
(0, 0, 0, 2, 2, 2, 12) && AIC: 1894.454335629302
(1, 0, 0, 2, 0, 2, 12) && AIC: 2184.249365465175
(1, 2, 0, 0, 1, 2, 12) && AIC: 2163.1064038018008
(2, 0, 2, 1, 0, 1, 12) && AIC: 2352.90753517093
(2, 1, 0, 2, 0, 0, 12) && AIC: 2206.410467327649
(1, 2, 0, 1, 1, 2, 12) && AIC: 2165.1034769773905
(0, 1, 1, 2, 2, 0, 12) && AIC: 1925.1248002267898
(0, 1, 0, 1, 0, 2, 12) && AIC: 2273.7902802577173
(0, 1, 2, 0, 2, 1, 12) && AIC: 2046.4556621917632
(0, 1, 0, 2, 1, 2, 12) && AIC: 2097.756450846924
(2, 1, 0, 0, 2, 1, 12) && AIC: 2107.5605162692455
(2, 1, 2, 1, 0, 2, 12) && AIC: 2148.1042569854076
(1, 2, 2, 0, 0, 1, 12) && AIC: 2489.446376446636
(1, 1, 0, 1, 0, 0, 12) && AIC: 2455.222480194605
(2, 1, 2, 2, 2, 2, 12) && AIC: 1846.609536379393
(1, 0, 0, 1, 0, 1, 12) && AIC: 2393.4495993689343
(2, 2, 1, 1, 0, 0, 12) && AIC: 2412.3792107485865
(1, 0, 1, 1, 0, 0, 12) && AIC: 2407.005311432323
(2, 1, 1, 1, 0, 2, 12) && AIC: 2161.6615970118155
(1, 1, 0, 1, 2, 0, 12) && AIC: 2166.46054668288
(1, 1, 2, 2, 0, 1, 12) && AIC: 2180.8482148538455
(2, 2, 2, 1, 0, 2, 12) && AIC: 2148.65997418405
(0, 0, 1, 0, 0, 2, 12) && AIC: 2495.512096147838
(0, 2, 1, 2, 1, 1, 12) && AIC: 2109.346509095016
(1, 0, 2, 2, 1, 0, 12) && AIC: 2042.130020268281
(2, 0, 0, 1, 2, 2, 12) && AIC: 1885.8116258915102
(0, 0, 0, 1, 1, 1, 12) && AIC: 2238.683908359949
(0, 1, 1, 1, 1, 1, 12) && AIC: 2169.0164995610994
(2, 1, 1, 0, 0, 2, 12) && AIC: 2275.3054532487577
(0, 0, 2, 2, 1, 1, 12) && AIC: 2077.121430256561
(2, 0, 0, 1, 1, 2, 12) && AIC: 2060.3462557433104
(2, 0, 2, 2, 1, 1, 12) && AIC: 2021.978480113371
(0, 0, 1, 1, 0, 2, 12) && AIC: 2169.900511738204
(2, 0, 0, 0, 2, 2, 12) && AIC: 1890.7825258822172
(0, 0, 2, 0, 2, 0, 12) && AIC: 2356.6059583767583
(1, 1, 2, 1, 1, 1, 12) && AIC: 2161.010780954569
(2, 0, 2, 0, 2, 2, 12) && AIC: 1863.4148619523958
(1, 2, 0, 0, 2, 2, 12) && AIC: 2013.1791915552226
(2, 0, 0, 2, 2, 1, 12) && AIC: 1880.1967512516305
(2, 2, 2, 2, 0, 1, 12) && AIC: 2213.6788086530914
(2, 2, 1, 0, 0, 0, 12) && AIC: 2819.2705189484236
(1, 0, 1, 2, 0, 0, 12) && AIC: 2191.4676391382245
(1, 2, 2, 1, 1, 2, 12) && AIC: 1988.9229485651651
(0, 1, 1, 0, 2, 1, 12) && AIC: 2060.8809559072783
(1, 2, 0, 1, 2, 2, 12) && AIC: 2012.9034246778529
(0, 2, 0, 1, 1, 0, 12) && AIC: 2448.779126139886
(1, 1, 1, 2, 2, 0, 12) && AIC: 1910.033983112445
(1, 2, 2, 1, 2, 2, 12) && AIC: 1833.8778900595187
(0, 0, 2, 1, 0, 0, 12) && AIC: 2427.113163420795
(1, 1, 1, 0, 1, 1, 12) && AIC: 2171.3194424792437
(2, 1, 0, 2, 2, 0, 12) && AIC: 1927.9019268696343
(0, 1, 1, 2, 0, 0, 12) && AIC: 2194.03366102943
(0, 2, 1, 1, 0, 1, 12) && AIC: 2444.0976550938367
(0, 0, 0, 2, 0, 1, 12) && AIC: 2195.2633325288416
(0, 0, 2, 1, 2, 0, 12) && AIC: 2138.961571232216
(0, 1, 0, 0, 0, 2, 12) && AIC: 2337.362098023112
(2, 1, 2, 2, 1, 2, 12) && AIC: 1998.541076157429
(2, 0, 1, 0, 0, 1, 12) && AIC: 2567.3233957316056
(1, 1, 1, 1, 2, 1, 12) && AIC: 2049.1698673763103
(1, 2, 1, 0, 1, 0, 12) && AIC: 2440.531132868837
(1, 1, 2, 0, 1, 0, 12) && AIC: 2377.7425407928495
(1, 0, 2, 0, 1, 0, 12) && AIC: 2393.7199542879434
(2, 0, 2, 0, 1, 2, 12) && AIC: 2005.7312565957495
(1, 0, 1, 1, 2, 1, 12) && AIC: 2078.1280471427967
(0, 2, 0, 0, 1, 1, 12) && AIC: 2427.4677294007006
(2, 1, 1, 2, 1, 2, 12) && AIC: 2011.4860786158702
(2, 2, 1, 2, 0, 0, 12) && AIC: 2196.326632711497
(2, 1, 1, 0, 2, 1, 12) && AIC: 2063.1158344749056
(1, 0, 1, 0, 1, 1, 12) && AIC: 2194.983693570127
(0, 2, 2, 2, 2, 1, 12) && AIC: 1882.6707461446244
(1, 0, 1, 2, 2, 0, 12) && AIC: 1919.571667657363
(0, 2, 2, 0, 2, 0, 12) && AIC: 2357.880610035035
(2, 2, 1, 0, 2, 1, 12) && AIC: 2082.556989631975
(1, 1, 1, 2, 0, 0, 12) && AIC: 2178.9039970716185
(0, 1, 1, 0, 0, 0, 12) && AIC: 2835.758043497823
(0, 1, 2, 2, 0, 1, 12) && AIC: 2188.9200050313743
(2, 0, 1, 2, 0, 2, 12) && AIC: 2174.3561755913715
(0, 2, 2, 0, 0, 0, 12) && AIC: 2811.487448393404
(1, 2, 0, 1, 0, 1, 12) && AIC: 2547.4223102310634
(1, 2, 2, 0, 2, 2, 12) && AIC: 1833.1706984567945
(2, 2, 0, 1, 0, 2, 12) && AIC: 2298.8464525238724
(1, 0, 2, 1, 1, 1, 12) && AIC: 2170.5628489308183
(0, 0, 0, 0, 1, 0, 12) && AIC: 2432.994551331798
(2, 1, 0, 2, 0, 1, 12) && AIC: 2205.4153848279366
(1, 2, 2, 2, 2, 1, 12) && AIC: 1868.8082456558245
(2, 2, 1, 1, 1, 1, 12) && AIC: 2202.036915460115
(2, 1, 2, 0, 0, 2, 12) && AIC: 2257.5967510000482
(2, 2, 0, 0, 0, 2, 12) && AIC: 2378.8380847530916
(1, 1, 2, 2, 1, 0, 12) && AIC: 2021.650076260602
(1, 2, 0, 2, 1, 1, 12) && AIC: 2165.3175977235387
(1, 0, 0, 1, 2, 0, 12) && AIC: 2123.8694407272455
(0, 2, 2, 1, 2, 0, 12) && AIC: 2127.51083879752
(1, 0, 2, 2, 0, 1, 12) && AIC: 2187.783978588687
(0, 0, 1, 2, 2, 2, 12) && AIC: 1870.1120677405124
(1, 1, 1, 1, 0, 0, 12) && AIC: 2401.5296146566334
(0, 1, 1, 1, 0, 0, 12) && AIC: 2415.9529817408475
(0, 2, 0, 2, 1, 2, 12) && AIC: 2228.518108297186
(1, 1, 0, 1, 0, 1, 12) && AIC: 2434.3059571234967
(1, 0, 0, 1, 0, 0, 12) && AIC: 2411.4859044776595
(0, 2, 2, 1, 0, 0, 12) && AIC: 2419.1937721297927
(2, 1, 1, 2, 2, 2, 12) && AIC: 1861.940371849987
(0, 0, 1, 2, 1, 2, 12) && AIC: 2042.691241024459
(0, 2, 0, 2, 2, 2, 12) && AIC: 2073.8883061726815
(0, 2, 1, 2, 1, 0, 12) && AIC: 2113.1356074329715
(2, 0, 2, 2, 0, 2, 12) && AIC: 2164.2021836886483
(0, 0, 0, 1, 1, 0, 12) && AIC: 2250.20521002612
(0, 0, 1, 1, 2, 1, 12) && AIC: 2077.8151683386714
(2, 0, 0, 0, 0, 1, 12) && AIC: 2584.31521156293
(2, 0, 2, 1, 2, 2, 12) && AIC: 1854.5821243105634
(2, 2, 2, 0, 2, 1, 12) && AIC: 2040.5825407482425
(2, 2, 1, 2, 2, 0, 12) && AIC: 1913.7505170960167
(2, 0, 0, 2, 1, 0, 12) && AIC: 2045.0022630587273
(1, 2, 1, 1, 1, 0, 12) && AIC: 2238.375974324754
(0, 1, 2, 0, 0, 2, 12) && AIC: 2255.68998478171
(1, 0, 0, 0, 2, 0, 12) && AIC: 2387.3754031854933
(2, 2, 2, 2, 2, 0, 12) && AIC: 1888.917484355228
(1, 1, 2, 1, 1, 0, 12) && AIC: 2189.754006306105
(1, 0, 0, 2, 1, 1, 12) && AIC: 2061.6307815464997
(1, 1, 1, 0, 0, 0, 12) && AIC: 2804.3946468563527
(1, 2, 2, 0, 1, 2, 12) && AIC: 1986.6629595818358
(2, 2, 2, 2, 0, 0, 12) && AIC: 2162.474214197131
(1, 0, 0, 0, 0, 0, 12) && AIC: 2870.2702197698463
(0, 1, 1, 2, 1, 1, 12) && AIC: 2033.185492972069
(0, 2, 1, 1, 1, 0, 12) && AIC: 2290.617021628137
(0, 1, 2, 1, 0, 2, 12) && AIC: 2147.773090579375
(0, 0, 0, 2, 1, 0, 12) && AIC: 2079.1736667364758
(0, 1, 1, 0, 2, 0, 12) && AIC: 2365.366061556728
(2, 1, 0, 0, 0, 2, 12) && AIC: 2313.1788127070477
(2, 1, 1, 1, 1, 1, 12) && AIC: 2175.7578656269143
(1, 1, 1, 2, 2, 1, 12) && AIC: 1875.2101652214733
(0, 0, 2, 1, 0, 1, 12) && AIC: 2387.358976159507
(2, 1, 0, 1, 0, 2, 12) && AIC: 2220.710682961383
(2, 0, 1, 0, 1, 2, 12) && AIC: 2019.1561866954337
(2, 0, 1, 1, 1, 2, 12) && AIC: 2029.7186108781023
(2, 2, 0, 2, 1, 2, 12) && AIC: 2109.2363122851057
(2, 2, 2, 1, 1, 1, 12) && AIC: 2154.541058764228
(2, 2, 0, 0, 2, 1, 12) && AIC: 2181.2389883670685
(1, 1, 0, 2, 0, 2, 12) && AIC: 2236.7932522565015
(0, 1, 0, 1, 2, 1, 12) && AIC: 2146.9685966389197
(1, 1, 1, 1, 2, 0, 12) && AIC: 2114.8361571330943
(0, 1, 1, 1, 2, 0, 12) && AIC: 2130.13065185414
(1, 2, 1, 0, 1, 1, 12) && AIC: 2215.04785759199
(2, 0, 2, 1, 1, 2, 12) && AIC: 2007.3629495507103
(1, 2, 1, 2, 2, 2, 12) && AIC: 1894.6380063471074
(2, 1, 2, 1, 2, 1, 12) && AIC: 2034.735247567973
(2, 1, 1, 2, 0, 1, 12) && AIC: 2161.9594773853078
(0, 2, 0, 1, 2, 1, 12) && AIC: 2277.0102834976574
(0, 2, 2, 2, 0, 0, 12) && AIC: 2195.477113927598
(2, 2, 1, 2, 0, 1, 12) && AIC: 2197.3006017497946
(1, 1, 1, 0, 2, 0, 12) && AIC: 2363.909663751313
(0, 2, 2, 0, 1, 1, 12) && AIC: 2185.6528327361602
(1, 2, 0, 1, 1, 0, 12) && AIC: 2351.6673215112787
(2, 0, 1, 0, 2, 2, 12) && AIC: 1872.5885373639412
(0, 2, 2, 2, 2, 0, 12) && AIC: 1922.0965556787341
(1, 2, 2, 2, 0, 2, 12) && AIC: 2149.3543536040606
(0, 0, 1, 0, 1, 1, 12) && AIC: 2215.7570889398376
(0, 1, 0, 2, 2, 0, 12) && AIC: 2003.718873812148
(0, 1, 2, 2, 1, 2, 12) && AIC: 1994.613498370472
(0, 1, 0, 0, 1, 1, 12) && AIC: 2278.550902729981
(2, 0, 2, 0, 0, 1, 12) && AIC: 2551.1443496902093
(0, 1, 0, 2, 0, 0, 12) && AIC: 2291.045872073958
(0, 0, 2, 2, 0, 2, 12) && AIC: 2156.683006390539
(0, 1, 2, 1, 2, 1, 12) && AIC: 2032.2789750679644
(1, 0, 2, 2, 2, 2, 12) && AIC: 1853.3761995641014
(2, 0, 1, 1, 2, 2, 12) && AIC: 1870.091105621982
(2, 2, 0, 2, 2, 2, 12) && AIC: 1953.8260429774978
(2, 1, 2, 2, 2, 0, 12) && AIC: 1894.8666381733183
(1, 0, 1, 1, 0, 2, 12) && AIC: 2170.825944605049
(2, 1, 2, 0, 1, 1, 12) && AIC: 2161.475469610771
(1, 0, 2, 0, 2, 1, 12) && AIC: 2058.218749148687
(1, 2, 1, 2, 1, 2, 12) && AIC: 2048.7343668411004
(1, 2, 2, 1, 0, 1, 12) && AIC: 2343.921266583296
(1, 0, 0, 1, 1, 1, 12) && AIC: 2230.9997507736653
(1, 0, 1, 0, 0, 2, 12) && AIC: 2373.984831468357
(0, 2, 1, 0, 1, 0, 12) && AIC: 2467.058866411361
(1, 1, 0, 1, 1, 2, 12) && AIC: 2069.892643927854
(1, 1, 2, 2, 1, 1, 12) && AIC: 2021.5420133629245
(1, 2, 0, 2, 1, 0, 12) && AIC: 2168.8217570927022
(1, 1, 0, 0, 1, 2, 12) && AIC: 2068.6595993495034
(0, 2, 1, 2, 0, 1, 12) && AIC: 2282.2214740048735
(0, 2, 0, 0, 0, 2, 12) && AIC: 2462.2536907551566
(0, 2, 2, 1, 2, 1, 12) && AIC: 2020.8874516532317
(0, 0, 0, 1, 0, 1, 12) && AIC: 2395.550517751053
(2, 0, 0, 0, 1, 0, 12) && AIC: 2413.7506736842815
(1, 1, 0, 2, 2, 1, 12) && AIC: 1922.5298245583272
(0, 1, 1, 1, 0, 1, 12) && AIC: 2360.757533909417
(2, 1, 1, 0, 1, 0, 12) && AIC: 2394.8703177607445
(2, 0, 1, 2, 1, 1, 12) && AIC: 2021.2825814541256
(2, 2, 1, 0, 0, 2, 12) && AIC: 2288.3679617939306
(0, 0, 1, 1, 1, 0, 12) && AIC: 2244.5059288973607
(1, 1, 2, 1, 0, 1, 12) && AIC: 2346.169732415722
(0, 1, 2, 2, 2, 2, 12) && AIC: 1839.0608369133006
(1, 0, 0, 2, 0, 0, 12) && AIC: 2189.9845410266253
(2, 2, 2, 0, 0, 0, 12) && AIC: 2769.5208141094568
(1, 2, 1, 1, 2, 1, 12) && AIC: 2088.0216541235122
(2, 2, 2, 2, 1, 1, 12) && AIC: 2004.2030191536396
(2, 2, 1, 1, 0, 2, 12) && AIC: 2200.1995798036696
(2, 2, 2, 0, 2, 0, 12) && AIC: 2351.1146644487185
(1, 0, 0, 2, 2, 0, 12) && AIC: 1919.5070093216127
(2, 1, 0, 2, 2, 2, 12) && AIC: 1895.1378932381144
(1, 0, 0, 0, 2, 1, 12) && AIC: 2095.580816697122
(1, 0, 2, 1, 0, 2, 12) && AIC: 2158.6248762600467
(1, 0, 2, 2, 1, 2, 12) && AIC: 2015.5542045826433
(1, 1, 1, 0, 0, 1, 12) && AIC: 2515.437519620553
(2, 1, 0, 2, 1, 2, 12) && AIC: 2045.6740592793838
(0, 2, 1, 1, 1, 1, 12) && AIC: 2254.40545225204
(2, 0, 0, 1, 1, 0, 12) && AIC: 2212.2950202685865
(0, 0, 0, 2, 1, 1, 12) && AIC: 2095.9617919359202
(0, 0, 2, 1, 1, 2, 12) && AIC: 2036.2773357923465
(1, 1, 0, 1, 2, 2, 12) && AIC: 1923.0009800057373
(2, 1, 1, 1, 1, 0, 12) && AIC: 2178.225364903257
(0, 0, 2, 0, 1, 2, 12) && AIC: 2034.432648246638
(2, 1, 0, 1, 2, 1, 12) && AIC: 2083.624052959012
(2, 1, 2, 2, 0, 0, 12) && AIC: 2169.0874736597425
(2, 2, 2, 1, 0, 0, 12) && AIC: 2380.7035049867986
(1, 1, 2, 0, 1, 2, 12) && AIC: 1993.9885311488042
(0, 0, 2, 2, 2, 1, 12) && AIC: 1908.5409554359649
(2, 0, 1, 1, 0, 1, 12) && AIC: 2365.277779230704
(2, 2, 0, 2, 0, 1, 12) && AIC: 2285.557112326579
(2, 2, 2, 1, 2, 0, 12) && AIC: 2139.830970812741
(1, 1, 0, 0, 2, 2, 12) && AIC: 1923.2092737380326
(1, 2, 0, 0, 1, 0, 12) && AIC: 2575.5840305520715
(1, 1, 2, 0, 2, 2, 12) && AIC: 1842.7700214214497
(1, 0, 1, 2, 1, 2, 12) && AIC: 2020.4079885140764
(0, 1, 0, 1, 0, 0, 12) && AIC: 2492.286326546076
(1, 2, 1, 0, 0, 2, 12) && AIC: 2301.8189438001696
(2, 1, 1, 2, 1, 0, 12) && AIC: 2010.9929922552456
(0, 1, 1, 2, 0, 2, 12) && AIC: 2158.658131828467
(2, 2, 0, 1, 1, 1, 12) && AIC: 2285.5011362685977
(0, 1, 0, 1, 2, 0, 12) && AIC: 2207.9960178433603
(0, 2, 0, 1, 0, 2, 12) && AIC: 2422.8741871091843
(2, 1, 2, 1, 0, 0, 12) && AIC: 2386.0917283946505
(2, 1, 2, 1, 2, 0, 12) && AIC: 2101.4695378367046
(1, 1, 1, 2, 0, 2, 12) && AIC: 2160.539279080924
(0, 0, 2, 1, 2, 2, 12) && AIC: 1854.530147441912
(0, 1, 0, 0, 0, 0, 12) && AIC: 2854.593925201011
(0, 0, 0, 0, 1, 2, 12) && AIC: 2062.794696613639
(0, 2, 0, 2, 0, 1, 12) && AIC: 2438.8053707155805
(2, 0, 2, 2, 2, 1, 12) && AIC: 1874.76505626503
(0, 1, 0, 0, 2, 0, 12) && AIC: 2456.459761438344
(0, 0, 2, 0, 2, 2, 12) && AIC: 1859.9532372900644
(1, 0, 2, 0, 0, 2, 12) && AIC: 2346.034883628978
(1, 2, 0, 1, 1, 1, 12) && AIC: 2344.185349078034
(2, 0, 2, 0, 2, 0, 12) && AIC: 2360.5324953513955
(2, 1, 2, 0, 0, 0, 12) && AIC: 2779.8281021809807
(0, 0, 0, 0, 2, 2, 12) && AIC: 1886.8383236807595
(0, 0, 1, 0, 1, 0, 12) && AIC: 2412.0588752448048
(0, 1, 0, 2, 2, 1, 12) && AIC: 1973.477351619821
(2, 0, 2, 0, 0, 0, 12) && AIC: 2793.986218623033
(2, 2, 0, 0, 1, 0, 12) && AIC: 2516.2307221662068
(1, 0, 1, 2, 2, 2, 12) && AIC: 1876.480393231399
(0, 1, 2, 0, 1, 1, 12) && AIC: 2160.2714465915697
(2, 1, 2, 2, 2, 1, 12) && AIC: 1860.562542043189
(1, 2, 0, 2, 0, 1, 12) && AIC: 2347.623336030887
(1, 2, 2, 1, 2, 0, 12) && AIC: 2161.344723413133
(1, 0, 1, 0, 2, 1, 12) && AIC: 2081.6647512385625
(0, 2, 1, 0, 2, 1, 12) && AIC: 2126.9341095492164
(1, 2, 2, 1, 0, 0, 12) && AIC: 2397.3684194386574
(1, 1, 0, 0, 0, 1, 12) && AIC: 2569.9898381738694
(1, 1, 2, 1, 2, 2, 12) && AIC: 1840.4044238407257
(2, 1, 0, 0, 1, 1, 12) && AIC: 2223.578922642999
(2, 0, 2, 1, 2, 0, 12) && AIC: 2106.7297779539554
(2, 2, 1, 2, 2, 2, 12) && AIC: 1881.6461731640043
(0, 1, 1, 0, 1, 2, 12) && AIC: 2004.9697568946603
(2, 0, 0, 0, 1, 1, 12) && AIC: 2229.3328224895613
(2, 2, 1, 2, 1, 2, 12) && AIC: 2038.9839824115002
(2, 0, 0, 2, 2, 2, 12) && AIC: 1871.9881192886014
(1, 2, 2, 0, 2, 0, 12) && AIC: 2354.65635391667
(2, 0, 1, 2, 1, 0, 12) && AIC: 2030.8800044301986
(1, 2, 2, 2, 1, 1, 12) && AIC: 2016.5470917525151
(2, 2, 1, 1, 2, 1, 12) && AIC: 2071.2593242831867
(1, 0, 0, 2, 0, 1, 12) && AIC: 2183.9214110144894
(1, 2, 2, 0, 0, 0, 12) && AIC: 2798.865667849417
(0, 1, 2, 1, 1, 0, 12) && AIC: 2205.5619164793447
(0, 0, 1, 2, 1, 0, 12) && AIC: 2074.8256890807634
(2, 1, 1, 1, 0, 1, 12) && AIC: 2363.50841698546
(1, 1, 1, 1, 1, 2, 12) && AIC: 2007.4887262496363
(0, 2, 1, 1, 0, 2, 12) && AIC: 2251.9857877460345
(2, 1, 2, 0, 2, 0, 12) && AIC: 2349.081118391089
(2, 0, 1, 1, 1, 0, 12) && AIC: 2204.5156166688157
(0, 2, 1, 2, 2, 2, 12) && AIC: 1926.035385304801
(2, 2, 0, 2, 1, 0, 12) && AIC: 2112.366415353511
(0, 0, 0, 1, 2, 2, 12) && AIC: 1895.5294609007192
(0, 0, 2, 0, 0, 1, 12) && AIC: 2708.8272274764213
(2, 1, 0, 1, 1, 0, 12) && AIC: 2217.2000307285934
(0, 2, 2, 1, 0, 2, 12) && AIC: 2145.425954077615
(0, 1, 1, 1, 2, 2, 12) && AIC: 1854.784896094432
(1, 1, 2, 2, 0, 2, 12) && AIC: 2146.2562481778587
(2, 2, 2, 1, 0, 1, 12) && AIC: 2346.1647664484435
(1, 1, 2, 1, 1, 2, 12) && AIC: 1993.6629087560655
(0, 2, 2, 0, 0, 2, 12) && AIC: 2264.3919787720133
(1, 1, 0, 2, 1, 0, 12) && AIC: 2071.5318301419093
(1, 2, 1, 1, 0, 2, 12) && AIC: 2215.296210623311
(0, 1, 1, 1, 1, 2, 12) && AIC: 2005.7457758057017
(0, 1, 1, 0, 2, 2, 12) && AIC: 1856.2443927412298
(2, 0, 0, 2, 1, 2, 12) && AIC: 2043.4887922398298
(2, 0, 2, 1, 0, 0, 12) && AIC: 2388.642703345148
(0, 1, 1, 2, 2, 1, 12) && AIC: 1889.1834957597841
(2, 1, 1, 2, 1, 1, 12) && AIC: 2010.0192715570722
(1, 0, 0, 0, 0, 2, 12) && AIC: 2349.548148063953
(1, 0, 1, 1, 1, 1, 12) && AIC: 2181.3385635758705
(2, 2, 0, 1, 1, 0, 12) && AIC: 2292.353341358918
(1, 1, 1, 0, 2, 2, 12) && AIC: 1857.8602359557872
(1, 2, 1, 2, 0, 1, 12) && AIC: 2229.924803726789
(1, 0, 0, 1, 0, 2, 12) && AIC: 2183.567116044948
(0, 2, 0, 0, 2, 1, 12) && AIC: 2280.1111873369505
(1, 1, 1, 0, 1, 2, 12) && AIC: 2006.7140461417769
(1, 1, 1, 1, 2, 2, 12) && AIC: 1856.244332119212
(0, 2, 0, 2, 2, 0, 12) && AIC: 2128.545154943252
(0, 0, 1, 0, 0, 1, 12) && AIC: 2785.727743861335
(0, 2, 1, 2, 1, 2, 12) && AIC: 2075.7548434739874
(0, 0, 0, 2, 0, 2, 12) && AIC: 2183.767162093024
(2, 0, 0, 1, 2, 1, 12) && AIC: 2079.341240534699
(0, 0, 0, 1, 1, 2, 12) && AIC: 2064.7742117113667
(2, 0, 2, 2, 0, 0, 12) && AIC: 2177.5964137861492
(0, 1, 0, 0, 0, 1, 12) && AIC: 2573.674471816187
(2, 0, 2, 0, 1, 1, 12) && AIC: 2175.8522594194037
(0, 2, 0, 2, 0, 0, 12) && AIC: 2440.3206242747337
(1, 2, 0, 2, 2, 2, 12) && AIC: 2013.8809779908447
(2, 0, 2, 2, 2, 0, 12) && AIC: 1903.6878096837083
(0, 0, 2, 2, 1, 0, 12) && AIC: 2075.136295243945
(2, 2, 1, 0, 1, 1, 12) && AIC: 2200.0588230917183
(2, 1, 2, 0, 0, 1, 12) && AIC: 2495.659335937704
(1, 2, 0, 0, 2, 1, 12) && AIC: 2222.588921841908
(2, 2, 2, 2, 0, 2, 12) && AIC: 2148.6428975707922
(1, 0, 2, 1, 2, 1, 12) && AIC: 2065.913437902617
(1, 0, 1, 2, 0, 1, 12) && AIC: 2191.6906723463635
(1, 2, 2, 1, 1, 1, 12) && AIC: 2152.564855640686
(1, 1, 0, 0, 1, 0, 12) && AIC: 2466.4929180616728
(1, 0, 1, 0, 1, 0, 12) && AIC: 2413.7403764516694
(2, 1, 1, 0, 1, 2, 12) && AIC: 2008.704726813396
(0, 1, 2, 0, 1, 0, 12) && AIC: 2375.9544841398683
(0, 2, 0, 1, 1, 1, 12) && AIC: 2418.542348727753
(0, 2, 2, 2, 1, 2, 12) && AIC: 2020.2911558857534
(0, 2, 2, 0, 2, 1, 12) && AIC: 2034.803945404359
(2, 0, 1, 0, 1, 0, 12) && AIC: 2410.9389578801884
(2, 1, 1, 0, 2, 2, 12) && AIC: 1859.455302020337
(2, 1, 0, 0, 1, 0, 12) && AIC: 2436.1610484013445
(2, 0, 1, 2, 0, 1, 12) && AIC: 2176.856632309924
(0, 0, 1, 1, 2, 2, 12) && AIC: 1868.0529188544388
(2, 0, 0, 0, 0, 2, 12) && AIC: 2342.19576991616
(2, 0, 2, 1, 2, 1, 12) && AIC: 2055.245648060279
(1, 2, 2, 2, 0, 0, 12) && AIC: 2177.1676772974124
(1, 1, 2, 0, 0, 1, 12) && AIC: 2496.465508140601
(1, 2, 2, 2, 2, 0, 12) && AIC: 1910.1973334010763
(2, 2, 1, 1, 1, 0, 12) && AIC: 2207.8058325403554
(0, 1, 0, 2, 0, 2, 12) && AIC: 2275.5977627708817
(1, 0, 0, 2, 1, 2, 12) && AIC: 2057.1902063872494
(1, 0, 2, 2, 2, 0, 12) && AIC: 1921.9831417417413
(1, 0, 2, 0, 1, 1, 12) && AIC: 2181.9902844167364
(1, 2, 1, 2, 2, 0, 12) && AIC: 1948.373296760757
(1, 2, 0, 1, 0, 2, 12) && AIC: 2341.423474055969
(1, 2, 2, 0, 2, 1, 12) && AIC: 2035.3347813168448
(1, 2, 0, 2, 1, 2, 12) && AIC: 2160.497899864739
(1, 0, 0, 1, 2, 1, 12) && AIC: 2092.0869103547984
(1, 0, 2, 2, 0, 0, 12) && AIC: 2193.296564356621
(0, 0, 2, 0, 1, 0, 12) && AIC: 2400.2372841472943
(2, 1, 2, 2, 0, 2, 12) && AIC: 2147.1975099313668
(0, 2, 1, 0, 0, 2, 12) && AIC: 2312.344981491879
(2, 0, 1, 1, 1, 1, 12) && AIC: 2183.289062068289
(2, 2, 0, 2, 1, 1, 12) && AIC: 2109.385718914051
(2, 2, 2, 1, 1, 2, 12) && AIC: 1990.7979679152736
(0, 2, 2, 2, 2, 2, 12) && AIC: 1835.0017800743485
(1, 1, 1, 2, 1, 1, 12) && AIC: 2021.4884797482869
(2, 2, 2, 0, 1, 2, 12) && AIC: 1990.4788661528114
(0, 1, 2, 2, 1, 0, 12) && AIC: 2035.4031173936783
(0, 0, 1, 1, 1, 2, 12) && AIC: 2048.9428438267837
(1, 2, 1, 1, 1, 1, 12) && AIC: 2217.038041278504
(2, 2, 2, 2, 2, 1, 12) && AIC: 1895.1319548404347
(0, 0, 0, 0, 0, 1, 12) && AIC: 2956.0083455899703
(0, 1, 1, 0, 0, 1, 12) && AIC: 2541.34799204647
(2, 1, 0, 2, 1, 0, 12) && AIC: 2043.7747958044938
(0, 1, 1, 2, 1, 0, 12) && AIC: 2033.5163843157193
(2, 2, 0, 1, 0, 1, 12) && AIC: 2484.97725233377
(1, 0, 0, 2, 2, 2, 12) && AIC: 1885.9929805310073
(2, 1, 1, 1, 2, 2, 12) && AIC: 1858.153282736455
(1, 2, 1, 0, 2, 1, 12) && AIC: 2102.188994000053
(1, 1, 0, 1, 1, 0, 12) && AIC: 2246.754072951845
(1, 0, 1, 1, 1, 0, 12) && AIC: 2224.299712973551
(0, 2, 0, 0, 0, 0, 12) && AIC: 2982.014226555875
(0, 0, 1, 2, 2, 1, 12) && AIC: 1906.5625016798529
(1, 2, 1, 2, 0, 0, 12) && AIC: 2231.985505879262
(1, 1, 1, 1, 0, 1, 12) && AIC: 2361.9405662947847
(0, 2, 0, 2, 1, 1, 12) && AIC: 2252.474246147536
(0, 2, 0, 0, 2, 0, 12) && AIC: 2591.8948926140947
(1, 2, 0, 0, 0, 2, 12) && AIC: 2414.714975408119
(2, 2, 2, 1, 2, 2, 12) && AIC: 1835.7664062986166
(0, 1, 0, 0, 1, 2, 12) && AIC: 2101.540072678316
(0, 1, 0, 1, 1, 2, 12) && AIC: 2099.7301436368653
(2, 0, 0, 2, 0, 1, 12) && AIC: 2171.8642597508097
(2, 2, 0, 0, 1, 2, 12) && AIC: 2122.234704030124
(1, 0, 1, 2, 1, 0, 12) && AIC: 2042.9160814189052
(2, 2, 2, 0, 2, 2, 12) && AIC: 1881.519515300814
(2, 2, 0, 0, 2, 2, 12) && AIC: 1976.71249316597
(2, 1, 2, 1, 1, 2, 12) && AIC: 1996.6002639000337
(2, 2, 1, 0, 1, 0, 12) && AIC: 2424.4246971508983
(0, 1, 2, 0, 0, 1, 12) && AIC: 2494.4669144245954
(0, 2, 0, 1, 0, 0, 12) && AIC: 2644.2528733572026
(1, 0, 2, 1, 0, 0, 12) && AIC: 2402.8912462750777
(1, 0, 2, 1, 2, 0, 12) && AIC: 2124.7794654155987
(0, 2, 0, 1, 2, 0, 12) && AIC: 2341.19856305565
(0, 2, 2, 2, 0, 1, 12) && AIC: 2186.6109697305815
(1, 1, 0, 0, 1, 1, 12) && AIC: 2239.9505491859572
(0, 0, 2, 1, 1, 0, 12) && AIC: 2244.837141871376
(2, 1, 0, 0, 0, 1, 12) && AIC: 2555.099793758431
(2, 1, 1, 2, 0, 2, 12) && AIC: 2161.7092460764243
(2, 1, 1, 1, 1, 2, 12) && AIC: 2009.4860973144196
(0, 0, 0, 0, 2, 0, 12) && AIC: 2388.7871892914554
(2, 0, 1, 0, 2, 1, 12) && AIC: 2083.5256794131583
(0, 0, 1, 0, 2, 2, 12) && AIC: 1874.260260774895
(2, 0, 0, 1, 0, 2, 12) && AIC: 2185.1797627990354
(1, 1, 2, 2, 2, 1, 12) && AIC: 1876.6949131743427
(0, 2, 2, 1, 1, 1, 12) && AIC: 2187.474626989938
(1, 1, 2, 0, 2, 0, 12) && AIC: 2347.625986758826
(0, 1, 0, 0, 2, 2, 12) && AIC: 1956.209149442606
(1, 0, 2, 0, 0, 0, 12) && AIC: 2793.055973393518
(1, 2, 1, 0, 0, 0, 12) && AIC: 2835.7448642155255
(0, 1, 2, 1, 1, 2, 12) && AIC: 1994.029698542524
(1, 2, 2, 2, 0, 1, 12) && AIC: 2274.6930806405194
(1, 1, 2, 0, 0, 0, 12) && AIC: 2782.278649332827
(1, 0, 2, 0, 2, 0, 12) && AIC: 2358.5451240763564
(0, 1, 0, 1, 2, 2, 12) && AIC: 1957.2609649467786
(2, 1, 2, 0, 2, 2, 12) && AIC: 1844.6552749298603
(0, 2, 1, 2, 2, 0, 12) && AIC: 1994.9460182745697
(0, 1, 2, 1, 2, 2, 12) && AIC: 1838.4293709643628
(1, 0, 2, 2, 2, 1, 12) && AIC: 1896.9077650036106
(0, 2, 1, 0, 1, 1, 12) && AIC: 2253.7578803034903
(2, 1, 2, 0, 1, 2, 12) && AIC: 1995.1340484192544
(2, 1, 2, 1, 2, 2, 12) && AIC: 1844.2404390939435
(1, 0, 0, 0, 1, 1, 12) && AIC: 2229.8326179901323
(0, 0, 2, 0, 1, 1, 12) && AIC: 2202.2472691910516
(2, 1, 0, 1, 2, 2, 12) && AIC: 1909.1928352722193
(1, 1, 2, 1, 2, 0, 12) && AIC: 2115.9631462679586
(1, 1, 0, 2, 1, 2, 12) && AIC: 2071.2791861736414
(1, 2, 1, 1, 0, 0, 12) && AIC: 2449.637630590041
(2, 0, 1, 2, 2, 2, 12) && AIC: 1878.4763155696191
(0, 2, 1, 1, 2, 1, 12) && AIC: 2120.9609745813254
(1, 1, 2, 1, 0, 0, 12) && AIC: 2398.758578012037
(2, 2, 0, 1, 2, 2, 12) && AIC: 1976.418478524434
(0, 0, 0, 2, 2, 1, 12) && AIC: 1904.5863372475774
(0, 1, 1, 0, 1, 0, 12) && AIC: 2394.862714857649
(2, 2, 2, 0, 0, 1, 12) && AIC: 2564.3506266459817
(2, 0, 2, 1, 0, 2, 12) && AIC: 2163.812350283378
(0, 2, 2, 0, 1, 0, 12) && AIC: 2374.6699393648605
(1, 1, 0, 2, 2, 2, 12) && AIC: 1925.385692151489
(1, 1, 1, 2, 1, 0, 12) && AIC: 2022.3632367791358
(0, 0, 1, 0, 1, 2, 12) && AIC: 2046.9958921668788
(2, 0, 2, 0, 0, 2, 12) && AIC: 2347.912184453068
(0, 0, 0, 0, 0, 0, 12) && AIC: 3390.855887693774
(1, 2, 2, 0, 0, 2, 12) && AIC: 2251.0236684542324
(1, 0, 1, 1, 0, 1, 12) && AIC: 2364.3818752261323
(1, 2, 1, 2, 1, 1, 12) && AIC: 2062.716006437615
(1, 1, 1, 1, 1, 0, 12) && AIC: 2189.7941609468526
(1, 2, 2, 1, 0, 2, 12) && AIC: 2147.393362719832
(1, 2, 1, 0, 2, 0, 12) && AIC: 2423.3520637099264
(1, 0, 0, 1, 1, 0, 12) && AIC: 2229.4357622185526
(0, 0, 0, 1, 2, 0, 12) && AIC: 2137.0522977803575
(2, 1, 0, 1, 1, 2, 12) && AIC: 2057.296916249459
(2, 1, 1, 0, 0, 1, 12) && AIC: 2513.7759609016803
(0, 0, 2, 2, 1, 2, 12) && AIC: 2030.4073557735505
(0, 2, 1, 2, 0, 0, 12) && AIC: 2284.877327103123
(0, 0, 1, 1, 0, 1, 12) && AIC: 2382.386689502151
(2, 0, 0, 0, 2, 1, 12) && AIC: 2096.055819870102
(0, 0, 0, 1, 0, 0, 12) && AIC: 2426.932022994698
(0, 1, 0, 1, 0, 1, 12) && AIC: 2468.39276070668
(0, 1, 2, 0, 2, 2, 12) && AIC: 1841.2782740986333
(2, 2, 1, 2, 1, 0, 12) && AIC: 2035.784322061725
(2, 0, 0, 2, 2, 0, 12) && AIC: 1906.3099320706228
(0, 0, 2, 2, 2, 2, 12) && AIC: 1856.4632732981786
(2, 0, 1, 1, 0, 2, 12) && AIC: 2173.5937512356813
(2, 0, 1, 2, 1, 2, 12) && AIC: 2031.4426429086802
(2, 2, 1, 0, 0, 1, 12) && AIC: 2530.775003041119
(2, 2, 0, 2, 0, 2, 12) && AIC: 2285.219868717071
(2, 2, 0, 1, 1, 2, 12) && AIC: 2123.5601402171023
(0, 1, 2, 2, 2, 1, 12) && AIC: 1891.0824671765986
(2, 0, 0, 2, 0, 0, 12) && AIC: 2176.570563940247
(1, 2, 0, 1, 2, 1, 12) && AIC: 2209.727194368742
(1, 2, 1, 1, 2, 0, 12) && AIC: 2158.837235461987
(2, 2, 2, 2, 1, 0, 12) && AIC: 2004.8679333209004
(0, 2, 2, 2, 1, 0, 12) && AIC: 2029.5669909191197
(1, 0, 1, 2, 1, 1, 12) && AIC: 2032.7662234279815
(0, 1, 0, 2, 1, 1, 12) && AIC: 2117.5360736569605
(1, 0, 1, 0, 2, 2, 12) && AIC: 1870.5886407759886
(2, 1, 0, 2, 2, 1, 12) && AIC: 1893.1263830360667
(0, 2, 1, 1, 0, 0, 12) && AIC: 2488.0623157335067
(0, 2, 0, 1, 0, 1, 12) && AIC: 2626.064016613364
(0, 0, 0, 2, 0, 0, 12) && AIC: 2201.2383141148766
(0, 0, 2, 1, 2, 1, 12) && AIC: 2065.5880472422286
(2, 1, 2, 2, 1, 1, 12) && AIC: 2012.179774395756
(0, 0, 1, 2, 0, 2, 12) && AIC: 2170.2450125561336
(2, 0, 0, 1, 1, 1, 12) && AIC: 2213.874630325031
(2, 0, 2, 2, 1, 2, 12) && AIC: 2008.8443048523482
(1, 1, 0, 1, 2, 1, 12) && AIC: 2114.2955532652045
(1, 1, 2, 2, 0, 0, 12) && AIC: 2178.768859604571
(1, 1, 2, 0, 1, 1, 12) && AIC: 2159.4868469014073
(1, 1, 2, 2, 2, 0, 12) && AIC: 1912.02002493817
(0, 1, 1, 1, 1, 0, 12) && AIC: 2203.7480882714653
(1, 2, 0, 2, 2, 0, 12) && AIC: 2041.6290847922237
(1, 2, 2, 2, 1, 2, 12) && AIC: 2016.314636504548
(2, 2, 1, 1, 2, 2, 12) && AIC: 1879.779154241956
(0, 2, 2, 1, 1, 0, 12) && AIC: 2203.4710703713454
(1, 2, 0, 0, 1, 1, 12) && AIC: 2345.7025482893628
(0, 2, 1, 0, 0, 0, 12) && AIC: 2836.8693863975705
(1, 0, 2, 0, 0, 1, 12) && AIC: 2549.156446482184
(0, 1, 2, 0, 1, 2, 12) && AIC: 1992.9776251069195
(1, 2, 0, 2, 0, 0, 12) && AIC: 2345.586088339236
(1, 2, 2, 1, 2, 1, 12) && AIC: 2022.806691403865
