(2, 1, 1, 0, 2, 0, 12) && AIC: 2452.7595664992314
(1, 0, 1, 0, 1, 2, 12) && AIC: 2115.1158714256835
(0, 2, 1, 2, 2, 1, 12) && AIC: 2042.226781585098
(2, 1, 0, 0, 2, 2, 12) && AIC: 1991.5794162637822
(2, 1, 2, 1, 0, 1, 12) && AIC: 2432.495719243388
(2, 2, 2, 0, 1, 0, 12) && AIC: 2484.632522465632
(2, 0, 1, 0, 0, 2, 12) && AIC: 2560.3898708487222
(1, 1, 1, 0, 1, 0, 12) && AIC: 2477.3930887497
(1, 0, 0, 0, 1, 0, 12) && AIC: 2501.955138183129
(1, 1, 1, 2, 0, 1, 12) && AIC: 2291.647787451809
(1, 1, 0, 0, 0, 2, 12) && AIC: 2498.0143579730093
(1, 1, 2, 1, 2, 1, 12) && AIC: 2118.17609474118
(1, 2, 1, 1, 0, 1, 12) && AIC: 2492.010319333842
(0, 0, 0, 0, 1, 1, 12) && AIC: 2295.9124476045495
(0, 2, 0, 2, 0, 2, 12) && AIC: 2512.8120553918634
(0, 2, 1, 1, 2, 0, 12) && AIC: 2297.8226185041594
(2, 0, 2, 2, 2, 2, 12) && AIC: 1999.2346873576626
(0, 0, 0, 2, 2, 0, 12) && AIC: 2036.8861677094726
(0, 1, 1, 0, 1, 1, 12) && AIC: 2271.521732684975
(1, 2, 2, 2, 2, 2, 12) && AIC: 2028.7611355832655
(0, 1, 1, 2, 2, 2, 12) && AIC: 1953.9909936256736
(2, 0, 2, 0, 2, 1, 12) && AIC: 2173.1316311221376
(2, 2, 1, 1, 1, 2, 12) && AIC: 2123.8208190835576
(2, 2, 0, 0, 0, 1, 12) && AIC: 2819.696292121902
(1, 0, 2, 2, 0, 2, 12) && AIC: 2339.3091996626963
(2, 1, 1, 2, 2, 1, 12) && AIC: 1956.4283545039696
(0, 2, 1, 0, 2, 0, 12) && AIC: 2524.019627522691
(0, 1, 0, 1, 1, 0, 12) && AIC: 2389.540067777309
(1, 1, 1, 1, 1, 1, 12) && AIC: 2272.912096838933
(0, 1, 2, 2, 0, 2, 12) && AIC: 2263.1028319431716
(2, 1, 0, 0, 1, 2, 12) && AIC: 2147.844097317623
(0, 0, 1, 1, 2, 0, 12) && AIC: 2241.5845522864975
(2, 0, 0, 0, 0, 0, 12) && AIC: 3085.550316949799
(0, 0, 0, 1, 2, 1, 12) && AIC: 2158.6420379955416
(0, 0, 2, 0, 0, 2, 12) && AIC: 2506.670827553193
(2, 2, 1, 2, 2, 1, 12) && AIC: 1973.5298126819396
(2, 1, 1, 0, 0, 0, 12) && AIC: 3029.693326772671
(2, 0, 0, 2, 1, 1, 12) && AIC: 2113.691861088485
(0, 0, 1, 1, 0, 0, 12) && AIC: 2517.3770549623555
(2, 0, 0, 0, 2, 0, 12) && AIC: 2461.0413209822186
(1, 0, 0, 2, 1, 0, 12) && AIC: 2129.7433641654807
(1, 2, 0, 1, 0, 0, 12) && AIC: 2668.328725638086
(0, 1, 1, 2, 1, 2, 12) && AIC: 2103.386386943284
(1, 0, 1, 2, 0, 2, 12) && AIC: 2342.351170122911
(0, 1, 2, 1, 0, 1, 12) && AIC: 2429.4902772834816
(1, 0, 1, 1, 2, 2, 12) && AIC: 1963.2348273261941
(1, 2, 1, 2, 0, 2, 12) && AIC: 2321.5359529684747
(2, 1, 1, 1, 2, 0, 12) && AIC: 2200.501764208673
(1, 2, 0, 1, 2, 0, 12) && AIC: 2367.3391481377375
(1, 1, 0, 1, 0, 2, 12) && AIC: 2343.3503654151145
(0, 2, 0, 1, 1, 2, 12) && AIC: 2325.13806517032
(0, 2, 2, 2, 1, 1, 12) && AIC: 2160.0360553721384
(0, 0, 1, 0, 2, 0, 12) && AIC: 2461.1476805808534
(0, 1, 0, 2, 1, 0, 12) && AIC: 2208.5303004994175
(0, 2, 0, 0, 1, 2, 12) && AIC: 2322.911086651722
(2, 0, 0, 1, 0, 0, 12) && AIC: 2490.3284987625298
(2, 1, 0, 1, 0, 1, 12) && AIC: 2478.5800253339885
(0, 0, 1, 2, 1, 1, 12) && AIC: 2139.743482925148
(2, 1, 1, 1, 0, 0, 12) && AIC: 2478.280734006212
(0, 2, 0, 2, 2, 1, 12) && AIC: 2167.0087582302085
(2, 2, 2, 1, 1, 0, 12) && AIC: 2305.60938432487
(2, 1, 2, 2, 1, 0, 12) && AIC: 2107.358945755391
(0, 2, 2, 1, 0, 1, 12) && AIC: 2426.5187325648203
(1, 2, 0, 0, 0, 0, 12) && AIC: 3181.7198323413854
(1, 1, 0, 2, 0, 1, 12) && AIC: 2343.621231069237
(2, 2, 1, 0, 2, 2, 12) && AIC: 1969.4909720263984
(0, 1, 1, 1, 2, 1, 12) && AIC: 2134.850296147556
(1, 2, 0, 0, 2, 0, 12) && AIC: 2629.4628756043803
(2, 0, 2, 1, 1, 1, 12) && AIC: 2273.5925237416777
(1, 0, 2, 0, 1, 2, 12) && AIC: 2102.1975976515882
(1, 0, 2, 1, 1, 2, 12) && AIC: 2103.966302300163
(1, 2, 0, 2, 2, 1, 12) && AIC: 2097.840138046802
(2, 1, 1, 2, 0, 0, 12) && AIC: 2285.053161135768
(2, 1, 2, 1, 1, 0, 12) && AIC: 2282.108469810305
(0, 2, 1, 0, 0, 1, 12) && AIC: 2799.7944011425543
(2, 1, 0, 2, 0, 2, 12) && AIC: 2308.8570059631247
(0, 0, 2, 1, 0, 2, 12) && AIC: 2273.5121911647966
(1, 2, 2, 0, 1, 1, 12) && AIC: 2288.1209861327206
(1, 0, 0, 0, 0, 1, 12) && AIC: 2771.611029819965
(0, 2, 0, 1, 2, 2, 12) && AIC: 2144.2831704759355
(1, 0, 1, 1, 1, 2, 12) && AIC: 2116.932703249462
(1, 1, 1, 0, 2, 1, 12) && AIC: 2154.5134214477666
(0, 2, 2, 0, 1, 2, 12) && AIC: 2113.253953974776
(2, 2, 2, 0, 1, 1, 12) && AIC: 2254.8008495167014
(0, 2, 0, 0, 2, 2, 12) && AIC: 2143.764004880303
(0, 1, 0, 0, 1, 0, 12) && AIC: 2584.4269780148416
(0, 2, 2, 0, 2, 2, 12) && AIC: 1931.1840283407528
(1, 2, 1, 0, 1, 2, 12) && AIC: 2139.906661452157
(0, 0, 2, 2, 0, 1, 12) && AIC: 2315.2835158204052
(0, 1, 1, 0, 0, 2, 12) && AIC: 2449.486818963218
(0, 0, 1, 0, 0, 0, 12) && AIC: 3208.988076378636
(2, 0, 0, 1, 2, 0, 12) && AIC: 2212.191255057281
(2, 0, 1, 1, 2, 1, 12) && AIC: 2145.2425789589843
(2, 0, 2, 2, 0, 1, 12) && AIC: 2535.346981872991
(2, 2, 0, 2, 2, 1, 12) && AIC: 2038.9525234775947
(2, 0, 2, 0, 1, 0, 12) && AIC: 2473.832510776377
(2, 1, 2, 0, 1, 0, 12) && AIC: 2463.8219955538852
(2, 2, 0, 0, 2, 0, 12) && AIC: 2570.374784804267
(1, 0, 2, 0, 2, 2, 12) && AIC: 1949.9043923754152
(2, 2, 1, 0, 1, 2, 12) && AIC: 2122.1036390933737
(1, 0, 0, 1, 1, 2, 12) && AIC: 2129.776424328533
(2, 2, 0, 0, 0, 0, 12) && AIC: 3137.9774253260202
(1, 0, 2, 1, 2, 2, 12) && AIC: 1952.690276740299
(1, 2, 2, 1, 1, 0, 12) && AIC: 2314.723809372603
(0, 2, 1, 2, 0, 2, 12) && AIC: 2347.6471643120267
(1, 0, 0, 1, 2, 2, 12) && AIC: 1975.8580943273619
(1, 1, 1, 1, 0, 2, 12) && AIC: 2277.226806253501
(2, 1, 1, 0, 1, 1, 12) && AIC: 2272.7428034120458
(1, 1, 1, 2, 2, 2, 12) && AIC: 1953.899782775158
(2, 1, 1, 2, 2, 0, 12) && AIC: 1999.8782385287955
(0, 0, 1, 1, 1, 1, 12) && AIC: 2282.061266194746
(2, 0, 1, 2, 2, 0, 12) && AIC: 2007.1689040245465
(1, 1, 2, 1, 0, 2, 12) && AIC: 2263.1203519190085
(0, 1, 0, 1, 1, 1, 12) && AIC: 2365.5948941555207
(2, 0, 1, 0, 1, 1, 12) && AIC: 2283.7721779503777
(2, 2, 0, 1, 2, 0, 12) && AIC: 2299.462448245018
(1, 2, 1, 1, 2, 2, 12) && AIC: 1988.5710756487963
(2, 2, 2, 2, 1, 2, 12) && AIC: 2110.3553923269737
(2, 0, 1, 2, 0, 0, 12) && AIC: 2294.877143026114
(2, 2, 0, 1, 0, 0, 12) && AIC: 2603.438912030506
(1, 1, 2, 0, 0, 2, 12) && AIC: 2419.503722841957
(1, 2, 1, 1, 1, 2, 12) && AIC: 2141.7450165674563
(2, 2, 2, 2, 2, 2, 12) && AIC: 2025.5506680282244
(1, 2, 1, 0, 2, 2, 12) && AIC: 1986.5800233153086
(0, 1, 0, 2, 0, 1, 12) && AIC: 2386.010996664772
(0, 1, 2, 1, 2, 0, 12) && AIC: 2233.152687653293
(0, 0, 1, 2, 0, 0, 12) && AIC: 2319.806725615796
(1, 2, 1, 2, 2, 1, 12) && AIC: 2005.8563693039546
(0, 1, 2, 1, 0, 0, 12) && AIC: 2510.2862024964243
(0, 2, 0, 0, 0, 1, 12) && AIC: 2904.758396971798
(0, 2, 2, 1, 2, 2, 12) && AIC: 1959.7773939202928
(2, 1, 0, 1, 2, 0, 12) && AIC: 2233.5655326985598
(2, 1, 2, 2, 0, 1, 12) && AIC: 2448.6174223652283
(2, 1, 1, 1, 2, 1, 12) && AIC: 2135.8197569635054
(0, 0, 2, 2, 2, 0, 12) && AIC: 2037.760036921986
(1, 0, 1, 0, 0, 1, 12) && AIC: 2725.0937050938564
(0, 0, 1, 0, 2, 1, 12) && AIC: 2162.965880531806
(2, 0, 0, 1, 0, 1, 12) && AIC: 2453.613401509851
(2, 0, 1, 1, 0, 0, 12) && AIC: 2489.9992392874556
(2, 1, 0, 1, 0, 0, 12) && AIC: 2518.624643066526
(1, 1, 0, 0, 2, 1, 12) && AIC: 2223.7940726661595
(2, 2, 1, 2, 0, 2, 12) && AIC: 2302.3824556520735
(0, 0, 0, 1, 0, 2, 12) && AIC: 2300.118913296078
(1, 1, 0, 2, 2, 0, 12) && AIC: 2057.6375474249935
(0, 1, 2, 0, 2, 0, 12) && AIC: 2437.232772133569
(1, 1, 1, 2, 1, 2, 12) && AIC: 2104.5754379796745
(0, 1, 2, 2, 1, 1, 12) && AIC: 2132.4538742682125
(1, 2, 0, 0, 0, 1, 12) && AIC: 2845.7056902736317
(1, 1, 0, 2, 0, 0, 12) && AIC: 2353.191239036615
(0, 1, 2, 0, 0, 0, 12) && AIC: 3014.1113338957584
(0, 0, 0, 0, 0, 2, 12) && AIC: 2622.970768041536
(1, 0, 0, 0, 2, 2, 12) && AIC: 1974.1516891933343
(1, 0, 2, 1, 0, 1, 12) && AIC: 2439.8415161403523
(2, 1, 0, 0, 2, 0, 12) && AIC: 2492.7427059690945
(2, 0, 2, 1, 1, 0, 12) && AIC: 2294.1088348661697
(2, 1, 0, 2, 1, 1, 12) && AIC: 2132.696464099602
(2, 2, 1, 1, 0, 1, 12) && AIC: 2472.6134354911264
(0, 2, 1, 1, 1, 2, 12) && AIC: 2166.4973866504743
(1, 0, 0, 2, 2, 1, 12) && AIC: 1978.2201698506408
(2, 1, 2, 1, 1, 1, 12) && AIC: 2262.482261440605
(1, 0, 2, 2, 1, 1, 12) && AIC: 2129.5126109689927
(1, 2, 2, 0, 1, 0, 12) && AIC: 2489.599470629895
(1, 1, 0, 1, 1, 1, 12) && AIC: 2339.416902222872
(1, 1, 2, 2, 1, 2, 12) && AIC: 2089.6286073998963
(0, 2, 2, 2, 0, 2, 12) && AIC: 2275.7167059223025
(0, 2, 2, 1, 1, 2, 12) && AIC: 2114.268228836422
(2, 0, 2, 2, 1, 0, 12) && AIC: 2120.8052222585884
(1, 1, 2, 0, 2, 1, 12) && AIC: 2136.7966242425377
(0, 0, 2, 0, 2, 1, 12) && AIC: 2146.8512916459235
(0, 0, 1, 2, 2, 0, 12) && AIC: 2036.2489672519678
(0, 1, 1, 1, 0, 2, 12) && AIC: 2276.3836787368455
(0, 2, 0, 2, 1, 0, 12) && AIC: 2341.664149202695
(2, 2, 0, 2, 0, 0, 12) && AIC: 2392.0999015781645
(2, 2, 2, 1, 2, 1, 12) && AIC: 2130.345965978436
(2, 0, 0, 2, 0, 2, 12) && AIC: 2287.33496635807
(2, 2, 0, 0, 1, 1, 12) && AIC: 2392.7066438466063
(0, 0, 2, 2, 0, 0, 12) && AIC: 2320.78088174488
(2, 0, 1, 1, 2, 0, 12) && AIC: 2208.8640539929615
(2, 2, 0, 2, 2, 0, 12) && AIC: 2083.404734596269
(1, 2, 0, 2, 0, 2, 12) && AIC: 2447.8907842836006
(1, 0, 1, 0, 2, 0, 12) && AIC: 2462.2455599047003
(0, 2, 1, 0, 2, 2, 12) && AIC: 2004.544118934626
(1, 0, 0, 0, 1, 2, 12) && AIC: 2128.384032625343
(0, 1, 1, 2, 0, 1, 12) && AIC: 2305.0745766668197
(1, 1, 1, 0, 0, 2, 12) && AIC: 2435.742214012355
(0, 2, 1, 0, 1, 2, 12) && AIC: 2164.9109348080683
(0, 2, 1, 1, 2, 2, 12) && AIC: 2006.4289318868373
(2, 0, 1, 0, 0, 0, 12) && AIC: 3048.21533808854
(0, 0, 0, 2, 1, 2, 12) && AIC: 2127.3543599457016
(0, 0, 2, 1, 1, 1, 12) && AIC: 2270.3437866081417
(2, 1, 0, 0, 0, 0, 12) && AIC: 3067.132959792409
(0, 0, 0, 0, 2, 1, 12) && AIC: 2177.891193575526
(2, 0, 1, 0, 2, 0, 12) && AIC: 2463.002804323486
(0, 1, 0, 2, 2, 2, 12) && AIC: 2029.8276176258805
(1, 1, 2, 2, 2, 2, 12) && AIC: 1941.0651163413636
(2, 0, 1, 2, 2, 1, 12) && AIC: 1966.7525088936882
(1, 2, 2, 2, 1, 0, 12) && AIC: 2144.6388944986647
(1, 0, 1, 1, 2, 0, 12) && AIC: 2222.3549345623483
(2, 2, 0, 1, 2, 1, 12) && AIC: 2226.1217124471204
(2, 2, 1, 1, 2, 0, 12) && AIC: 2222.4838445304076
(2, 2, 2, 0, 0, 2, 12) && AIC: 2557.5072401821135
(0, 1, 0, 0, 2, 1, 12) && AIC: 2243.0716331137833
(1, 2, 1, 0, 0, 1, 12) && AIC: 2729.246358170043
(0, 1, 2, 1, 1, 1, 12) && AIC: 2258.6423885593035
(0, 2, 0, 0, 1, 0, 12) && AIC: 2739.433586810055
(1, 2, 1, 2, 1, 0, 12) && AIC: 2160.1265096623542
(2, 1, 2, 0, 2, 1, 12) && AIC: 2138.5564737638715
(0, 0, 2, 0, 0, 0, 12) && AIC: 3137.657115285208
(1, 0, 1, 2, 2, 1, 12) && AIC: 1979.039957168113
(0, 0, 1, 2, 0, 1, 12) && AIC: 2313.6066285273027
(2, 1, 0, 1, 1, 1, 12) && AIC: 2305.049333658085
(2, 2, 1, 0, 2, 0, 12) && AIC: 2496.58588585042
(2, 0, 0, 0, 1, 2, 12) && AIC: 2130.219915352207
(2, 2, 1, 2, 1, 1, 12) && AIC: 2124.0621139091104
(1, 1, 0, 0, 0, 0, 12) && AIC: 3090.4175733848842
(0, 1, 2, 2, 0, 0, 12) && AIC: 2312.0679104854
(0, 2, 2, 0, 0, 1, 12) && AIC: 2686.0087567264295
(1, 0, 1, 0, 0, 0, 12) && AIC: 3081.8085451368624
(1, 1, 0, 2, 1, 1, 12) && AIC: 2166.938839841617
(1, 0, 2, 1, 1, 0, 12) && AIC: 2306.212817459713
(1, 1, 0, 0, 2, 0, 12) && AIC: 2528.6509861713703
(0, 1, 2, 2, 2, 0, 12) && AIC: 2027.9934136463835
(0, 0, 0, 2, 2, 2, 12) && AIC: 1978.4692784811973
(1, 0, 0, 2, 0, 2, 12) && AIC: 2299.577497239941
(1, 2, 0, 0, 1, 2, 12) && AIC: 2261.227614309593
(2, 0, 2, 1, 0, 1, 12) && AIC: 2446.0048082151443
(2, 1, 0, 2, 0, 0, 12) && AIC: 2316.6286895441644
(1, 2, 0, 1, 1, 2, 12) && AIC: 2263.1518111711694
(0, 1, 1, 2, 2, 0, 12) && AIC: 2028.8612065488853
(0, 1, 0, 1, 0, 2, 12) && AIC: 2370.101950626687
(0, 1, 2, 0, 2, 1, 12) && AIC: 2138.3746588335216
(0, 1, 0, 2, 1, 2, 12) && AIC: 2194.1308302201555
(2, 1, 0, 0, 2, 1, 12) && AIC: 2203.197019397936
(2, 1, 2, 1, 0, 2, 12) && AIC: 2357.5866400636046
(1, 2, 2, 0, 0, 1, 12) && AIC: 2675.4042593431086
(1, 1, 0, 1, 0, 0, 12) && AIC: 2555.520008552912
(2, 1, 2, 2, 2, 2, 12) && AIC: 1991.229890422627
(1, 0, 0, 1, 0, 1, 12) && AIC: 2465.5211168072246
(2, 2, 1, 1, 0, 0, 12) && AIC: 2512.528008491547
(1, 0, 1, 1, 0, 0, 12) && AIC: 2503.5310328623927
(2, 1, 1, 1, 0, 2, 12) && AIC: 2278.1907029703866
(1, 1, 0, 1, 2, 0, 12) && AIC: 2273.020057397768
(1, 1, 2, 2, 0, 1, 12) && AIC: 2292.3234106108694
(2, 2, 2, 1, 0, 2, 12) && AIC: 2535.123144942473
(0, 0, 1, 0, 0, 2, 12) && AIC: 2541.809907321879
(0, 2, 1, 2, 1, 1, 12) && AIC: 2198.453990397392
(1, 0, 2, 2, 1, 0, 12) && AIC: 2132.453537145938
(2, 0, 0, 1, 2, 2, 12) && AIC: 1977.4391038604485
(0, 0, 0, 1, 1, 1, 12) && AIC: 2297.6249277196966
(0, 1, 1, 1, 1, 1, 12) && AIC: 2272.5206713655316
(2, 1, 1, 0, 0, 2, 12) && AIC: 2435.0267849977454
(0, 0, 2, 2, 1, 1, 12) && AIC: 2141.1705194284787
(2, 0, 0, 1, 1, 2, 12) && AIC: 2131.628846752807
(2, 0, 2, 2, 1, 1, 12) && AIC: 2121.6844625585245
(0, 0, 1, 1, 0, 2, 12) && AIC: 2285.7012269525903
(2, 0, 0, 0, 2, 2, 12) && AIC: 1975.741443713475
(0, 0, 2, 0, 2, 0, 12) && AIC: 2445.692735341284
(1, 1, 2, 1, 1, 1, 12) && AIC: 2260.0071836757757
(2, 0, 2, 0, 2, 2, 12) && AIC: 1983.8247478611793
(1, 2, 0, 0, 2, 2, 12) && AIC: 2091.92938749088
(2, 0, 0, 2, 2, 1, 12) && AIC: 1965.2156448250357
(2, 2, 2, 2, 0, 1, 12) && AIC: 2552.4751952666115
(2, 2, 1, 0, 0, 0, 12) && AIC: 3056.9833433461063
(1, 0, 1, 2, 0, 0, 12) && AIC: 2310.3488551016117
(1, 2, 2, 1, 1, 2, 12) && AIC: 2113.277411717144
(0, 1, 1, 0, 2, 1, 12) && AIC: 2154.5034063444045
(1, 2, 0, 1, 2, 2, 12) && AIC: 2093.2738253539646
(0, 2, 0, 1, 1, 0, 12) && AIC: 2532.6723518263343
(1, 1, 1, 2, 2, 0, 12) && AIC: 2013.5940939122074
(1, 2, 2, 1, 2, 2, 12) && AIC: 1953.6456039134641
(0, 0, 2, 1, 0, 0, 12) && AIC: 2518.434717686305
(1, 1, 1, 0, 1, 1, 12) && AIC: 2272.045006547497
(2, 1, 0, 2, 2, 0, 12) && AIC: 2025.0723384776363
(0, 1, 1, 2, 0, 0, 12) && AIC: 2313.480943766549
(0, 2, 1, 1, 0, 1, 12) && AIC: 2519.1098360342003
(0, 0, 0, 2, 0, 1, 12) && AIC: 2314.89317901707
(0, 0, 2, 1, 2, 0, 12) && AIC: 2240.962702155236
(0, 1, 0, 0, 0, 2, 12) && AIC: 2509.059118632785
(2, 1, 2, 2, 1, 2, 12) && AIC: 2093.1409835386244
(2, 0, 1, 0, 0, 1, 12) && AIC: 2775.554420375155
(1, 1, 1, 1, 2, 1, 12) && AIC: 2135.247839912855
(1, 2, 1, 0, 1, 0, 12) && AIC: 2533.124510774678
(1, 1, 2, 0, 1, 0, 12) && AIC: 2459.8934784086427
(1, 0, 2, 0, 1, 0, 12) && AIC: 2474.1800503215845
(2, 0, 2, 0, 1, 2, 12) && AIC: 2103.8395540293923
(1, 0, 1, 1, 2, 1, 12) && AIC: 2143.2795798002003
(0, 2, 0, 0, 1, 1, 12) && AIC: 2508.6214784975346
(2, 1, 1, 2, 1, 2, 12) && AIC: 2105.689137959547
(2, 2, 1, 2, 0, 0, 12) && AIC: 2310.0358204969257
(2, 1, 1, 0, 2, 1, 12) && AIC: 2154.5890170206185
(1, 0, 1, 0, 1, 1, 12) && AIC: 2281.778998024157
(0, 2, 2, 2, 2, 1, 12) && AIC: 1982.6109061924474
(1, 0, 1, 2, 2, 0, 12) && AIC: 2020.2831646840475
(0, 2, 2, 0, 2, 0, 12) && AIC: 2463.1443385181256
(2, 2, 1, 0, 2, 1, 12) && AIC: 2178.288247279006
(1, 1, 1, 2, 0, 0, 12) && AIC: 2298.206091795966
(0, 1, 1, 0, 0, 0, 12) && AIC: 3066.396290216572
(0, 1, 2, 2, 0, 1, 12) && AIC: 2305.410266017269
(2, 0, 1, 2, 0, 2, 12) && AIC: 2343.56156861277
(0, 2, 2, 0, 0, 0, 12) && AIC: 3048.2201640005815
(1, 2, 0, 1, 0, 1, 12) && AIC: 2627.5577743772988
(1, 2, 2, 0, 2, 2, 12) && AIC: 1931.537100239533
(2, 2, 0, 1, 0, 2, 12) && AIC: 2397.2371979089103
(1, 0, 2, 1, 1, 1, 12) && AIC: 2271.722256707978
(0, 0, 0, 0, 1, 0, 12) && AIC: 2501.725872425671
(2, 1, 0, 2, 0, 1, 12) && AIC: 2309.8038029613735
(1, 2, 2, 2, 2, 1, 12) && AIC: 1969.5472287431137
(2, 2, 1, 1, 1, 1, 12) && AIC: 2297.450190164356
(2, 1, 2, 0, 0, 2, 12) && AIC: 2418.667202734824
(2, 2, 0, 0, 0, 2, 12) && AIC: 2556.356786962112
(1, 1, 2, 2, 1, 0, 12) && AIC: 2119.5960513802343
(1, 2, 0, 2, 1, 1, 12) && AIC: 2263.03714540227
(1, 0, 0, 1, 2, 0, 12) && AIC: 2227.7598277887673
(0, 2, 2, 1, 2, 0, 12) && AIC: 2237.122057508444
(1, 0, 2, 2, 0, 1, 12) && AIC: 2321.8213814980354
(0, 0, 1, 2, 2, 2, 12) && AIC: 1963.3052928519646
(1, 1, 1, 1, 0, 0, 12) && AIC: 2493.216150485361
(0, 1, 1, 1, 0, 0, 12) && AIC: 2511.785433026934
(0, 2, 0, 2, 1, 2, 12) && AIC: 2326.6528033010136
(1, 1, 0, 1, 0, 1, 12) && AIC: 2514.6641789278024
(1, 0, 0, 1, 0, 0, 12) && AIC: 2503.4639288754643
(0, 2, 2, 1, 0, 0, 12) && AIC: 2520.2035280434175
(2, 1, 1, 2, 2, 2, 12) && AIC: 1961.4593447150905
(0, 0, 1, 2, 1, 2, 12) && AIC: 2113.487522869048
(0, 2, 0, 2, 2, 2, 12) && AIC: 2146.0743981121386
(0, 2, 1, 2, 1, 0, 12) && AIC: 2199.4444414382733
(2, 0, 2, 2, 0, 2, 12) && AIC: 2519.692113453829
(0, 0, 0, 1, 1, 0, 12) && AIC: 2319.393329803055
(0, 0, 1, 1, 2, 1, 12) && AIC: 2143.5569350962414
(2, 0, 0, 0, 0, 1, 12) && AIC: 2766.3142445513104
(2, 0, 2, 1, 2, 2, 12) && AIC: 1979.1171050901394
(2, 2, 2, 0, 2, 1, 12) && AIC: 2135.9208813130313
(2, 2, 1, 2, 2, 0, 12) && AIC: 2017.7305687804444
(2, 0, 0, 2, 1, 0, 12) && AIC: 2117.460176583215
(1, 2, 1, 1, 1, 0, 12) && AIC: 2343.5054137129955
(0, 1, 2, 0, 0, 2, 12) && AIC: 2417.5915377761794
(1, 0, 0, 0, 2, 0, 12) && AIC: 2476.812777734508
(2, 2, 2, 2, 2, 0, 12) && AIC: 2049.7180873107427
(1, 1, 2, 1, 1, 0, 12) && AIC: 2295.332506684028
(1, 0, 0, 2, 1, 1, 12) && AIC: 2125.946677908448
(1, 1, 1, 0, 0, 0, 12) && AIC: 3030.2983048507213
(1, 2, 2, 0, 1, 2, 12) && AIC: 2081.309870539859
(2, 2, 2, 2, 0, 0, 12) && AIC: 2354.4839268007154
(1, 0, 0, 0, 0, 0, 12) && AIC: 3104.1753044024063
(0, 1, 1, 2, 1, 1, 12) && AIC: 2130.9830864793134
(0, 2, 1, 1, 1, 0, 12) && AIC: 2387.5500993956684
(0, 1, 2, 1, 0, 2, 12) && AIC: 2263.006306899222
(0, 0, 0, 2, 1, 0, 12) && AIC: 2144.182013932109
(0, 1, 1, 0, 2, 0, 12) && AIC: 2458.411421497139
(2, 1, 0, 0, 0, 2, 12) && AIC: 2486.05065174384
(2, 1, 1, 1, 1, 1, 12) && AIC: 2274.056303109354
(1, 1, 1, 2, 2, 1, 12) && AIC: 1969.9718507455323
(0, 0, 2, 1, 0, 1, 12) && AIC: 2437.876144623787
(2, 1, 0, 1, 0, 2, 12) && AIC: 2323.3701407003573
(2, 0, 1, 0, 1, 2, 12) && AIC: 2116.806076512287
(2, 0, 1, 1, 1, 2, 12) && AIC: 2118.5733835059023
(2, 2, 0, 2, 1, 2, 12) && AIC: 2199.338511441806
(2, 2, 2, 1, 1, 1, 12) && AIC: 2261.7797082310617
(2, 2, 0, 0, 2, 1, 12) && AIC: 2274.939362582911
(1, 1, 0, 2, 0, 2, 12) && AIC: 2343.33106307493
(0, 1, 0, 1, 2, 1, 12) && AIC: 2221.354969292137
(1, 1, 1, 1, 2, 0, 12) && AIC: 2219.089916768269
(0, 1, 1, 1, 2, 0, 12) && AIC: 2235.441175200125
(1, 2, 1, 0, 1, 1, 12) && AIC: 2315.1595660581124
(2, 0, 2, 1, 1, 2, 12) && AIC: 2105.913710428537
(1, 2, 1, 2, 2, 2, 12) && AIC: 1995.4979605730496
(2, 1, 2, 1, 2, 1, 12) && AIC: 2120.14228943284
(2, 1, 1, 2, 0, 1, 12) && AIC: 2278.7319292497605
(0, 2, 0, 1, 2, 1, 12) && AIC: 2348.374299961103
(0, 2, 2, 2, 0, 0, 12) && AIC: 2313.4273695372785
(2, 2, 1, 2, 0, 1, 12) && AIC: 2301.9230248974372
(1, 1, 1, 0, 2, 0, 12) && AIC: 2457.0950531341496
(0, 2, 2, 0, 1, 1, 12) && AIC: 2251.108695623148
(1, 2, 0, 1, 1, 0, 12) && AIC: 2456.510201538696
(2, 0, 1, 0, 2, 2, 12) && AIC: 1963.4429696313775
(0, 2, 2, 2, 2, 0, 12) && AIC: 2026.7032297104945
(1, 2, 2, 2, 0, 2, 12) && AIC: 2527.525357325771
(0, 0, 1, 0, 1, 1, 12) && AIC: 2280.314964997701
(0, 1, 0, 2, 2, 0, 12) && AIC: 2093.9735641820034
(0, 1, 2, 2, 1, 2, 12) && AIC: 2089.3056230527072
(0, 1, 0, 0, 1, 1, 12) && AIC: 2363.7127245674146
(2, 0, 2, 0, 0, 1, 12) && AIC: 2760.59355869549
(0, 1, 0, 2, 0, 0, 12) && AIC: 2391.4608391884467
(0, 0, 2, 2, 0, 2, 12) && AIC: 2536.323268201616
(0, 1, 2, 1, 2, 1, 12) && AIC: 2118.4266709679596
(1, 0, 2, 2, 2, 2, 12) && AIC: 1953.074887073341
(2, 0, 1, 1, 2, 2, 12) && AIC: 1966.0345794766943
(2, 2, 0, 2, 2, 2, 12) && AIC: 2038.4107403961498
(2, 1, 2, 2, 2, 0, 12) && AIC: 1997.3074682887568
(1, 0, 1, 1, 0, 2, 12) && AIC: 2288.921343909443
(2, 1, 2, 0, 1, 1, 12) && AIC: 2260.96790869607
(1, 0, 2, 0, 2, 1, 12) && AIC: 2148.835405560103
(1, 2, 1, 2, 1, 2, 12) && AIC: 2143.699007683627
(1, 2, 2, 1, 0, 1, 12) && AIC: 2498.0349585024123
(1, 0, 0, 1, 1, 1, 12) && AIC: 2296.3414136149977
(1, 0, 1, 0, 0, 2, 12) && AIC: 2564.1647118292094
(0, 2, 1, 0, 1, 0, 12) && AIC: 2559.5382346169217
(1, 1, 0, 1, 1, 2, 12) && AIC: 2167.309449061253
(1, 1, 2, 2, 1, 1, 12) && AIC: 2119.157469479088
(1, 2, 0, 2, 1, 0, 12) && AIC: 2264.985507389077
(1, 1, 0, 0, 1, 2, 12) && AIC: 2165.602907077864
(0, 2, 1, 2, 0, 1, 12) && AIC: 2376.7643297149834
(0, 2, 0, 0, 0, 2, 12) && AIC: 2635.708235679171
(0, 2, 2, 1, 2, 1, 12) && AIC: 2116.9242119851046
(0, 0, 0, 1, 0, 1, 12) && AIC: 2465.9536371755803
(2, 0, 0, 0, 1, 0, 12) && AIC: 2488.658659940377
(1, 1, 0, 2, 2, 1, 12) && AIC: 2012.789357625124
(0, 1, 1, 1, 0, 1, 12) && AIC: 2444.085071063363
(2, 1, 1, 0, 1, 0, 12) && AIC: 2478.049891831013
(2, 0, 1, 2, 1, 1, 12) && AIC: 2115.043858111223
(2, 2, 1, 0, 0, 2, 12) && AIC: 2463.883985667358
(0, 0, 1, 1, 1, 0, 12) && AIC: 2317.979515055401
(1, 1, 2, 1, 0, 1, 12) && AIC: 2432.861614896531
(0, 1, 2, 2, 2, 2, 12) && AIC: 1939.3828290601282
(1, 0, 0, 2, 0, 0, 12) && AIC: 2306.4123938217285
(2, 2, 2, 0, 0, 0, 12) && AIC: 3024.984530967645
(1, 2, 1, 1, 2, 1, 12) && AIC: 2174.6761099517353
(2, 2, 2, 2, 1, 1, 12) && AIC: 2123.7136534343085
(2, 2, 1, 1, 0, 2, 12) && AIC: 2302.6513562209493
(2, 2, 2, 0, 2, 0, 12) && AIC: 2455.7908237177044
(1, 0, 0, 2, 2, 0, 12) && AIC: 2022.1458385237138
(2, 1, 0, 2, 2, 2, 12) && AIC: 1979.8357449072787
(1, 0, 0, 0, 2, 1, 12) && AIC: 2178.22055576186
(1, 0, 2, 1, 0, 2, 12) && AIC: 2277.74707901859
(1, 0, 2, 2, 1, 2, 12) && AIC: 2101.8773551822014
(1, 1, 1, 0, 0, 1, 12) && AIC: 2693.481173545558
(2, 1, 0, 2, 1, 2, 12) && AIC: 2134.611733153025
(0, 2, 1, 1, 1, 1, 12) && AIC: 2342.770227629791
(2, 0, 0, 1, 1, 0, 12) && AIC: 2291.597392408011
(0, 0, 0, 2, 1, 1, 12) && AIC: 2139.781935707356
(0, 0, 2, 1, 1, 2, 12) && AIC: 2102.6777354453557
(1, 1, 0, 1, 2, 2, 12) && AIC: 2010.3040726921877
(2, 1, 1, 1, 1, 0, 12) && AIC: 2281.64896633964
(0, 0, 2, 0, 1, 2, 12) && AIC: 2100.991486090257
(2, 1, 0, 1, 2, 1, 12) && AIC: 2163.372391796408
(2, 1, 2, 2, 0, 0, 12) && AIC: 2285.491045955993
(2, 2, 2, 1, 0, 0, 12) && AIC: 2558.2074267010257
(1, 1, 2, 0, 1, 2, 12) && AIC: 2086.986114655271
(0, 0, 2, 2, 2, 1, 12) && AIC: 1993.5511145271303
(2, 0, 1, 1, 0, 1, 12) && AIC: 2455.365983294553
(2, 2, 0, 2, 0, 1, 12) && AIC: 2400.4945080274088
(2, 2, 2, 1, 2, 0, 12) && AIC: 2220.6873755968895
(1, 1, 0, 0, 2, 2, 12) && AIC: 2008.3040787392204
(1, 2, 0, 0, 1, 0, 12) && AIC: 2670.44431349404
(1, 1, 2, 0, 2, 2, 12) && AIC: 1943.591909371968
(1, 0, 1, 2, 1, 2, 12) && AIC: 2115.1933350576783
(0, 1, 0, 1, 0, 0, 12) && AIC: 2597.6333718531246
(1, 2, 1, 0, 0, 2, 12) && AIC: 2474.921960936503
(2, 1, 1, 2, 1, 0, 12) && AIC: 2106.607423070604
(0, 1, 1, 2, 0, 2, 12) && AIC: 2277.0392434893565
(2, 2, 0, 1, 1, 1, 12) && AIC: 2378.733348054509
(0, 1, 0, 1, 2, 0, 12) && AIC: 2305.5855425545533
(0, 2, 0, 1, 0, 2, 12) && AIC: 2512.0869530735536
(2, 1, 2, 1, 0, 0, 12) && AIC: 2599.385189706285
(2, 1, 2, 1, 2, 0, 12) && AIC: 2196.585317090894
(1, 1, 1, 2, 0, 2, 12) && AIC: 2281.0017885677116
(0, 0, 2, 1, 2, 2, 12) && AIC: 1949.4523604008723
(0, 1, 0, 0, 0, 0, 12) && AIC: 3096.371535050971
(0, 0, 0, 0, 1, 2, 12) && AIC: 2129.303737007703
(0, 2, 0, 2, 0, 1, 12) && AIC: 2529.2995616459425
(2, 0, 2, 2, 2, 1, 12) && AIC: 2010.5502386622857
(0, 1, 0, 0, 2, 0, 12) && AIC: 2549.119900274682
(0, 0, 2, 0, 2, 2, 12) && AIC: 1948.0073094677327
(1, 0, 2, 0, 0, 2, 12) && AIC: 2543.7302534725877
(1, 2, 0, 1, 1, 1, 12) && AIC: 2444.540270602965
(2, 0, 2, 0, 2, 0, 12) && AIC: 2449.3879601432386
(2, 1, 2, 0, 0, 0, 12) && AIC: 2997.8699905476983
(0, 0, 0, 0, 2, 2, 12) && AIC: 1975.2993303287485
(0, 0, 1, 0, 1, 0, 12) && AIC: 2487.634198202628
(0, 1, 0, 2, 2, 1, 12) && AIC: 2048.5732572767656
(2, 0, 2, 0, 0, 0, 12) && AIC: 3032.0219270247644
(2, 2, 0, 0, 1, 0, 12) && AIC: 2604.368583589051
(1, 0, 1, 2, 2, 2, 12) && AIC: 1966.278171466894
(0, 1, 2, 0, 1, 1, 12) && AIC: 2257.692856496873
(2, 1, 2, 2, 2, 1, 12) && AIC: 1957.8865249841176
(1, 2, 0, 2, 0, 1, 12) && AIC: 2447.721598971443
(1, 2, 2, 1, 2, 0, 12) && AIC: 2270.768723288831
(1, 0, 1, 0, 2, 1, 12) && AIC: 2161.077159567305
(0, 2, 1, 0, 2, 1, 12) && AIC: 2217.4216019861506
(1, 2, 2, 1, 0, 0, 12) && AIC: 2505.0874195464357
(1, 1, 0, 0, 0, 1, 12) && AIC: 2756.1556231542318
(1, 1, 2, 1, 2, 2, 12) && AIC: 1940.6298111481685
(2, 1, 0, 0, 1, 1, 12) && AIC: 2317.649606650657
(2, 0, 2, 1, 2, 0, 12) && AIC: 2222.447303448563
(2, 2, 1, 2, 2, 2, 12) && AIC: 1973.1148308394654
(0, 1, 1, 0, 1, 2, 12) && AIC: 2100.891615602296
(2, 0, 0, 0, 1, 1, 12) && AIC: 2296.3478206071836
(2, 2, 1, 2, 1, 2, 12) && AIC: 2125.693337604707
(2, 0, 0, 2, 2, 2, 12) && AIC: 1965.1351878969517
(1, 2, 2, 0, 2, 0, 12) && AIC: 2459.9604482555287
(2, 0, 1, 2, 1, 0, 12) && AIC: 2118.322400262167
(1, 2, 2, 2, 1, 1, 12) && AIC: 2142.676211140125
(2, 2, 1, 1, 2, 1, 12) && AIC: 2154.320247187501
(1, 0, 0, 2, 0, 1, 12) && AIC: 2300.041904911472
(1, 2, 2, 0, 0, 0, 12) && AIC: 3026.0935336966418
(0, 1, 2, 1, 1, 0, 12) && AIC: 2309.813401496026
(0, 0, 1, 2, 1, 0, 12) && AIC: 2143.3707877362885
(2, 1, 1, 1, 0, 1, 12) && AIC: 2487.67191255079
(1, 1, 1, 1, 1, 2, 12) && AIC: 2103.356760434981
(0, 2, 1, 1, 0, 2, 12) && AIC: 2347.866679803539
(2, 1, 2, 0, 2, 0, 12) && AIC: 2434.8673047840334
(2, 0, 1, 1, 1, 0, 12) && AIC: 2292.1257349786238
(0, 2, 1, 2, 2, 2, 12) && AIC: 2008.392336053228
(2, 2, 0, 2, 1, 0, 12) && AIC: 2202.041996257145
(0, 0, 0, 1, 2, 2, 12) && AIC: 1976.7934076680485
(0, 0, 2, 0, 0, 1, 12) && AIC: 2796.328219792
(2, 1, 0, 1, 1, 0, 12) && AIC: 2314.667263639893
(0, 2, 2, 1, 0, 2, 12) && AIC: 2258.8119108356195
(0, 1, 1, 1, 2, 2, 12) && AIC: 1953.2099787366378
(1, 1, 2, 2, 0, 2, 12) && AIC: 2266.4722913054493
(2, 2, 2, 1, 0, 1, 12) && AIC: 2489.5780505876737
(1, 1, 2, 1, 1, 2, 12) && AIC: 2088.863862725342
(0, 2, 2, 0, 0, 2, 12) && AIC: 2427.973662469702
(1, 1, 0, 2, 1, 0, 12) && AIC: 2168.9154780718463
(1, 2, 1, 1, 0, 2, 12) && AIC: 2321.8280925848285
(0, 1, 1, 1, 1, 2, 12) && AIC: 2102.6725790203272
(0, 1, 1, 0, 2, 2, 12) && AIC: 1952.3150301244523
(2, 0, 0, 2, 1, 2, 12) && AIC: 2115.052551918645
(2, 0, 2, 1, 0, 0, 12) && AIC: 2628.893156732007
(0, 1, 1, 2, 2, 1, 12) && AIC: 1984.8708912227246
(2, 1, 1, 2, 1, 1, 12) && AIC: 2105.054064715331
(1, 0, 0, 0, 0, 2, 12) && AIC: 2506.7471825762614
(1, 0, 1, 1, 1, 1, 12) && AIC: 2283.6012039916322
(2, 2, 0, 1, 1, 0, 12) && AIC: 2390.13172925054
(1, 1, 1, 0, 2, 2, 12) && AIC: 1952.6796981049456
(1, 2, 1, 2, 0, 1, 12) && AIC: 2336.168843507696
(1, 0, 0, 1, 0, 2, 12) && AIC: 2299.741014568538
(0, 2, 0, 0, 2, 1, 12) && AIC: 2368.9686288309363
(1, 1, 1, 0, 1, 2, 12) && AIC: 2101.651720072873
(1, 1, 1, 1, 2, 2, 12) && AIC: 1953.4740793579665
(0, 2, 0, 2, 2, 0, 12) && AIC: 2212.8963056129446
(0, 0, 1, 0, 0, 1, 12) && AIC: 2839.0617610971785
(0, 2, 1, 2, 1, 2, 12) && AIC: 2168.3599909741642
(0, 0, 0, 2, 0, 2, 12) && AIC: 2301.3488427436005
(2, 0, 0, 1, 2, 1, 12) && AIC: 2144.6772678577936
(0, 0, 0, 1, 1, 2, 12) && AIC: 2130.721344995674
(2, 0, 2, 2, 0, 0, 12) && AIC: 2533.2997557358913
(0, 1, 0, 0, 0, 1, 12) && AIC: 2767.77434550826
(2, 0, 2, 0, 1, 1, 12) && AIC: 2271.651094644264
(0, 2, 0, 2, 0, 0, 12) && AIC: 2534.6683858873903
(1, 2, 0, 2, 2, 2, 12) && AIC: 2102.2386877261733
(2, 0, 2, 2, 2, 0, 12) && AIC: 2012.1382365212205
(0, 0, 2, 2, 1, 0, 12) && AIC: 2145.136772758388
(2, 2, 1, 0, 1, 1, 12) && AIC: 2295.520974040909
(2, 1, 2, 0, 0, 1, 12) && AIC: 2664.855942376556
(1, 2, 0, 0, 2, 1, 12) && AIC: 2317.547395448888
(2, 2, 2, 2, 0, 2, 12) && AIC: 2516.5326745286707
(1, 0, 2, 1, 2, 1, 12) && AIC: 2129.1748264277476
(1, 0, 1, 2, 0, 1, 12) && AIC: 2301.540229771782
(1, 2, 2, 1, 1, 1, 12) && AIC: 2254.8487756660284
(1, 1, 0, 0, 1, 0, 12) && AIC: 2557.231946054093
(1, 0, 1, 0, 1, 0, 12) && AIC: 2484.9289801832415
(2, 1, 1, 0, 1, 2, 12) && AIC: 2102.948456234559
(0, 1, 2, 0, 1, 0, 12) && AIC: 2462.3737037694154
(0, 2, 0, 1, 1, 1, 12) && AIC: 2510.6098877236277
(0, 2, 2, 2, 1, 2, 12) && AIC: 2116.128992722005
(0, 2, 2, 0, 2, 1, 12) && AIC: 2135.5840854597573
(2, 0, 1, 0, 1, 0, 12) && AIC: 2490.64491199626
(2, 1, 1, 0, 2, 2, 12) && AIC: 1953.2919351804826
(2, 1, 0, 0, 1, 0, 12) && AIC: 2519.3156467047866
(2, 0, 1, 2, 0, 1, 12) && AIC: 2319.1783045767106
(0, 0, 1, 1, 2, 2, 12) && AIC: 1961.4778343886962
(2, 0, 0, 0, 0, 2, 12) && AIC: 2504.4230194217434
(2, 0, 2, 1, 2, 1, 12) && AIC: 2182.1716116897046
(1, 2, 2, 2, 0, 0, 12) && AIC: 2374.9099652278373
(1, 1, 2, 0, 0, 1, 12) && AIC: 2678.950854945212
(1, 2, 2, 2, 2, 0, 12) && AIC: 2059.4556527225113
(2, 2, 1, 1, 1, 0, 12) && AIC: 2307.087356177286
(0, 1, 0, 2, 0, 2, 12) && AIC: 2370.156530516971
(1, 0, 0, 2, 1, 2, 12) && AIC: 2127.4176629696717
(1, 0, 2, 2, 2, 0, 12) && AIC: 2021.5006036345803
(1, 0, 2, 0, 1, 1, 12) && AIC: 2269.9328182986055
(1, 2, 1, 2, 2, 0, 12) && AIC: 2049.8794450802293
(1, 2, 0, 1, 0, 2, 12) && AIC: 2447.4934981383713
(1, 2, 2, 0, 2, 1, 12) && AIC: 2135.5129817404377
(1, 2, 0, 2, 1, 2, 12) && AIC: 2265.0103460049945
(1, 0, 0, 1, 2, 1, 12) && AIC: 2158.593277664688
(1, 0, 2, 2, 0, 0, 12) && AIC: 2312.217585070307
(0, 0, 2, 0, 1, 0, 12) && AIC: 2472.181447394614
(2, 1, 2, 2, 0, 2, 12) && AIC: 2366.1233322995413
(0, 2, 1, 0, 0, 2, 12) && AIC: 2485.286478371703
(2, 0, 1, 1, 1, 1, 12) && AIC: 2285.60076176163
(2, 2, 0, 2, 1, 1, 12) && AIC: 2197.375206584241
(2, 2, 2, 1, 1, 2, 12) && AIC: 2108.459384230528
(0, 2, 2, 2, 2, 2, 12) && AIC: 2032.9866435711606
(1, 1, 1, 2, 1, 1, 12) && AIC: 2118.477845044208
(2, 2, 2, 0, 1, 2, 12) && AIC: 2107.2106784530993
(0, 1, 2, 2, 1, 0, 12) && AIC: 2133.0343113598183
(0, 0, 1, 1, 1, 2, 12) && AIC: 2115.5471262382757
(1, 2, 1, 1, 1, 1, 12) && AIC: 2317.1591848778457
(2, 2, 2, 2, 2, 1, 12) && AIC: 1972.828375273066
(0, 0, 0, 0, 0, 1, 12) && AIC: 2938.10449771843
(0, 1, 1, 0, 0, 1, 12) && AIC: 2708.6476263304494
(2, 1, 0, 2, 1, 0, 12) && AIC: 2136.1461147701593
(0, 1, 1, 2, 1, 0, 12) && AIC: 2132.9025770242056
(2, 2, 0, 1, 0, 1, 12) && AIC: 2557.53777009831
(1, 0, 0, 2, 2, 2, 12) && AIC: 1977.716061518027
(2, 1, 1, 1, 2, 2, 12) && AIC: 1954.4845326816214
(1, 2, 1, 0, 2, 1, 12) && AIC: 2198.8404999298564
(1, 1, 0, 1, 1, 0, 12) && AIC: 2351.485318049561
(1, 0, 1, 1, 1, 0, 12) && AIC: 2304.399418037845
(0, 2, 0, 0, 0, 0, 12) && AIC: 3234.8963619766755
(0, 0, 1, 2, 2, 1, 12) && AIC: 1992.1418588378963
(1, 2, 1, 2, 0, 0, 12) && AIC: 2347.6688882457147
(1, 1, 1, 1, 0, 1, 12) && AIC: 2445.054324736051
(0, 2, 0, 2, 1, 1, 12) && AIC: 2338.3672989753086
(0, 2, 0, 0, 2, 0, 12) && AIC: 2687.2942014564933
(1, 2, 0, 0, 0, 2, 12) && AIC: 2586.9276524881734
(2, 2, 2, 1, 2, 2, 12) && AIC: 2022.3603236746933
(0, 1, 0, 0, 1, 2, 12) && AIC: 2190.961563385446
(0, 1, 0, 1, 1, 2, 12) && AIC: 2192.5552604122395
(2, 0, 0, 2, 0, 1, 12) && AIC: 2287.8425176899254
(2, 2, 0, 0, 1, 2, 12) && AIC: 2215.45826987164
(1, 0, 1, 2, 1, 0, 12) && AIC: 2130.8012191674984
(2, 2, 2, 0, 2, 2, 12) && AIC: 1949.1538255465427
(2, 2, 0, 0, 2, 2, 12) && AIC: 2049.7443930259333
(2, 1, 2, 1, 1, 2, 12) && AIC: 2090.8441851588914
(2, 2, 1, 0, 1, 0, 12) && AIC: 2511.666195962721
(0, 1, 2, 0, 0, 1, 12) && AIC: 2677.408205307248
(0, 2, 0, 1, 0, 0, 12) && AIC: 2754.3805351410965
(1, 0, 2, 1, 0, 0, 12) && AIC: 2508.249657253452
(1, 0, 2, 1, 2, 0, 12) && AIC: 2223.5997102721467
(0, 2, 0, 1, 2, 0, 12) && AIC: 2432.112825565651
(0, 2, 2, 2, 0, 1, 12) && AIC: 2330.188904349261
(1, 1, 0, 0, 1, 1, 12) && AIC: 2337.4282936398595
(0, 0, 2, 1, 1, 0, 12) && AIC: 2319.0217514778437
(2, 1, 0, 0, 0, 1, 12) && AIC: 2749.0511167460154
(2, 1, 1, 2, 0, 2, 12) && AIC: 2329.762838249022
(2, 1, 1, 1, 1, 2, 12) && AIC: 2104.7224312588332
(0, 0, 0, 0, 2, 0, 12) && AIC: 2476.9224369313597
(2, 0, 1, 0, 2, 1, 12) && AIC: 2162.912618877712
(0, 0, 1, 0, 2, 2, 12) && AIC: 1959.7568777633228
(2, 0, 0, 1, 0, 2, 12) && AIC: 2301.366072554566
(1, 1, 2, 2, 2, 1, 12) && AIC: 1971.171295062421
(0, 2, 2, 1, 1, 1, 12) && AIC: 2252.399137112472
(1, 1, 2, 0, 2, 0, 12) && AIC: 2429.768369028543
(0, 1, 0, 0, 2, 2, 12) && AIC: 2026.5001854110724
(1, 0, 2, 0, 0, 0, 12) && AIC: 3030.9118433739964
(1, 2, 1, 0, 0, 0, 12) && AIC: 3069.9973135762275
(0, 1, 2, 1, 1, 2, 12) && AIC: 2087.781706601263
(1, 2, 2, 2, 0, 1, 12) && AIC: 2518.671751539856
(1, 1, 2, 0, 0, 0, 12) && AIC: 3009.8649686285507
(1, 0, 2, 0, 2, 0, 12) && AIC: 2447.4132039543347
(0, 1, 0, 1, 2, 2, 12) && AIC: 2027.8304257434197
(2, 1, 2, 0, 2, 2, 12) && AIC: 1941.585777461959
(0, 2, 1, 2, 2, 0, 12) && AIC: 2084.9251457615983
(0, 1, 2, 1, 2, 2, 12) && AIC: 1939.0326074657246
(1, 0, 2, 2, 2, 1, 12) && AIC: 1981.6209970203815
(0, 2, 1, 0, 1, 1, 12) && AIC: 2340.7704488876248
(2, 1, 2, 0, 1, 2, 12) && AIC: 2089.6171778737234
(2, 1, 2, 1, 2, 2, 12) && AIC: 1942.9046017384205
(1, 0, 0, 0, 1, 1, 12) && AIC: 2294.5856777278673
(0, 0, 2, 0, 1, 1, 12) && AIC: 2268.4199781173584
(2, 1, 0, 1, 2, 2, 12) && AIC: 1993.494651643738
(1, 1, 2, 1, 2, 0, 12) && AIC: 2213.685790903868
(1, 1, 0, 2, 1, 2, 12) && AIC: 2168.830863982922
(1, 2, 1, 1, 0, 0, 12) && AIC: 2555.314862864351
(2, 0, 1, 2, 2, 2, 12) && AIC: 1999.101506557632
(0, 2, 1, 1, 2, 1, 12) && AIC: 2195.1567991180023
(1, 1, 2, 1, 0, 0, 12) && AIC: 2492.1265458444714
(2, 2, 0, 1, 2, 2, 12) && AIC: 2051.7026651183896
(0, 0, 0, 2, 2, 1, 12) && AIC: 1992.6172419297677
(0, 1, 1, 0, 1, 0, 12) && AIC: 2477.1533017498195
(2, 2, 2, 0, 0, 1, 12) && AIC: 2711.5606582848495
(2, 0, 2, 1, 0, 2, 12) && AIC: 2495.2979058708033
(0, 2, 2, 0, 1, 0, 12) && AIC: 2491.4641752680423
(1, 1, 0, 2, 2, 2, 12) && AIC: 2017.8361591762537
(1, 1, 1, 2, 1, 0, 12) && AIC: 2119.3602101505103
(0, 0, 1, 0, 1, 2, 12) && AIC: 2114.084556149175
(2, 0, 2, 0, 0, 2, 12) && AIC: 2545.608354920863
(0, 0, 0, 0, 0, 0, 12) && AIC: 3347.057222163642
(1, 2, 2, 0, 0, 2, 12) && AIC: 2493.288716024297
(1, 0, 1, 1, 0, 1, 12) && AIC: 2453.3280964417518
(1, 2, 1, 2, 1, 1, 12) && AIC: 2159.011731752902
(1, 1, 1, 1, 1, 0, 12) && AIC: 2295.797666049456
(1, 2, 2, 1, 0, 2, 12) && AIC: 2304.1538277891113
(1, 2, 1, 0, 2, 0, 12) && AIC: 2503.6648732633103
(1, 0, 0, 1, 1, 0, 12) && AIC: 2304.5783999200285
(0, 0, 0, 1, 2, 0, 12) && AIC: 2243.3148133317463
(2, 1, 0, 1, 1, 2, 12) && AIC: 2149.4139862679012
(2, 1, 1, 0, 0, 1, 12) && AIC: 2694.1458506717663
(0, 0, 2, 2, 1, 2, 12) && AIC: 2099.4236971085156
(0, 2, 1, 2, 0, 0, 12) && AIC: 2384.3790938346856
(0, 0, 1, 1, 0, 1, 12) && AIC: 2451.57219075173
(2, 0, 0, 0, 2, 1, 12) && AIC: 2177.623113981657
(0, 0, 0, 1, 0, 0, 12) && AIC: 2517.4253351907146
(0, 1, 0, 1, 0, 1, 12) && AIC: 2548.48392601256
(0, 1, 2, 0, 2, 2, 12) && AIC: 1938.3465836930222
(2, 2, 1, 2, 1, 0, 12) && AIC: 2125.8114836588284
(2, 0, 0, 2, 2, 0, 12) && AIC: 2009.331317654683
(0, 0, 2, 2, 2, 2, 12) && AIC: 1951.2024398762205
(2, 0, 1, 1, 0, 2, 12) && AIC: 2313.187640640247
(2, 0, 1, 2, 1, 2, 12) && AIC: 2117.0159927106934
(2, 2, 1, 0, 0, 1, 12) && AIC: 2723.019539509779
(2, 2, 0, 2, 0, 2, 12) && AIC: 2381.931007584301
(2, 2, 0, 1, 1, 2, 12) && AIC: 2217.001709409289
(0, 1, 2, 2, 2, 1, 12) && AIC: 1984.977983433964
(2, 0, 0, 2, 0, 0, 12) && AIC: 2293.296893769512
(1, 2, 0, 1, 2, 1, 12) && AIC: 2294.3678384868285
(1, 2, 1, 1, 2, 0, 12) && AIC: 2266.2341034795822
(2, 2, 2, 2, 1, 0, 12) && AIC: 2124.0956635367183
(0, 2, 2, 2, 1, 0, 12) && AIC: 2160.99703336631
(1, 0, 1, 2, 1, 1, 12) && AIC: 2127.5048663240314
(0, 1, 0, 2, 1, 1, 12) && AIC: 2205.639307156403
(1, 0, 1, 0, 2, 2, 12) && AIC: 1961.5287788388218
(2, 1, 0, 2, 2, 1, 12) && AIC: 1979.9462087030893
(0, 2, 1, 1, 0, 0, 12) && AIC: 2592.6202375010516
(0, 2, 0, 1, 0, 1, 12) && AIC: 2700.494723741065
(0, 0, 0, 2, 0, 0, 12) && AIC: 2321.12648251467
(0, 0, 2, 1, 2, 1, 12) && AIC: 2127.929180362503
(2, 1, 2, 2, 1, 1, 12) && AIC: 2107.9675625008376
(0, 0, 1, 2, 0, 2, 12) && AIC: 2285.5143171998
(2, 0, 0, 1, 1, 1, 12) && AIC: 2284.1307142333617
(2, 0, 2, 2, 1, 2, 12) && AIC: 2105.586005321772
(1, 1, 0, 1, 2, 1, 12) && AIC: 2200.145034113647
(1, 1, 2, 2, 0, 0, 12) && AIC: 2297.5368406438697
(1, 1, 2, 0, 1, 1, 12) && AIC: 2260.4467355468214
(1, 1, 2, 2, 2, 0, 12) && AIC: 2011.243141527202
(0, 1, 1, 1, 1, 0, 12) && AIC: 2311.066215328242
(1, 2, 0, 2, 2, 0, 12) && AIC: 2143.3208366568097
(1, 2, 2, 2, 1, 2, 12) && AIC: 2115.176567055982
(2, 2, 1, 1, 2, 2, 12) && AIC: 1971.1154345326822
(0, 2, 2, 1, 1, 0, 12) && AIC: 2309.169549828429
(1, 2, 0, 0, 1, 1, 12) && AIC: 2442.5497128801917
(0, 2, 1, 0, 0, 0, 12) && AIC: 3073.9400415166256
(1, 0, 2, 0, 0, 1, 12) && AIC: 2758.7236026457203
(0, 1, 2, 0, 1, 2, 12) && AIC: 2085.898640256649
(1, 2, 0, 2, 0, 0, 12) && AIC: 2458.129449261697
(1, 2, 2, 1, 2, 1, 12) && AIC: 2130.996685780835
