(2, 1, 1, 0, 2, 0, 12) && AIC: 1545.4081133627858
(1, 0, 1, 0, 1, 2, 12) && AIC: 1173.512730399923
(0, 2, 1, 2, 2, 1, 12) && AIC: 1190.5633531412252
(2, 1, 0, 0, 2, 2, 12) && AIC: 1140.4536480150618
(2, 1, 2, 1, 0, 1, 12) && AIC: 1425.9228606166948
(2, 2, 2, 0, 1, 0, 12) && AIC: 1506.3573174632675
(2, 0, 1, 0, 0, 2, 12) && AIC: 1305.5772590383372
(1, 1, 1, 0, 1, 0, 12) && AIC: 1515.0942820998268
(1, 0, 0, 0, 1, 0, 12) && AIC: 1534.1615317266683
(1, 1, 1, 2, 0, 1, 12) && AIC: 1276.1035137624733
(1, 1, 0, 0, 0, 2, 12) && AIC: 1354.882048653717
(1, 1, 2, 1, 2, 1, 12) && AIC: 1216.2397703661718
(1, 2, 1, 1, 0, 1, 12) && AIC: 1494.2930512445669
(0, 0, 0, 0, 1, 1, 12) && AIC: 1376.9366588703806
(0, 2, 0, 2, 0, 2, 12) && AIC: 1485.6822065840934
(0, 2, 1, 1, 2, 0, 12) && AIC: 1368.0825065168779
(2, 0, 2, 2, 2, 2, 12) && AIC: 1100.1264162083007
(0, 0, 0, 2, 2, 0, 12) && AIC: 1159.1078874930163
(0, 1, 1, 0, 1, 1, 12) && AIC: 1289.3442956325498
(1, 2, 2, 2, 2, 2, 12) && AIC: 1095.0337990191522
(0, 1, 1, 2, 2, 2, 12) && AIC: 1098.4317092632834
(2, 0, 2, 0, 2, 1, 12) && AIC: 1228.8256180394546
(2, 2, 1, 1, 1, 2, 12) && AIC: 1191.2804507243459
(2, 2, 0, 0, 0, 1, 12) && AIC: 1635.366574694473
(1, 0, 2, 2, 0, 2, 12) && AIC: 1268.52636975745
(2, 1, 1, 2, 2, 1, 12) && AIC: 1103.8154907092164
(0, 2, 1, 0, 2, 0, 12) && AIC: 1611.5045367266687
(0, 1, 0, 1, 1, 0, 12) && AIC: 1380.4971186492776
(1, 1, 1, 1, 1, 1, 12) && AIC: 1305.3506834372502
(0, 1, 2, 2, 0, 2, 12) && AIC: 1255.7047508147475
(2, 1, 0, 0, 1, 2, 12) && AIC: 1202.9667251713524
(0, 0, 1, 1, 2, 0, 12) && AIC: 1305.448058536922
(2, 0, 0, 0, 0, 0, 12) && AIC: 1752.909137508168
(0, 0, 0, 1, 2, 1, 12) && AIC: 1249.113377861611
(0, 0, 2, 0, 0, 2, 12) && AIC: 1447.3969846179557
(2, 2, 1, 2, 2, 1, 12) && AIC: 1129.9804654869497
(2, 1, 1, 0, 0, 0, 12) && AIC: 1693.1265255404976
(2, 0, 0, 2, 1, 1, 12) && AIC: 1183.894299881233
(0, 0, 1, 1, 0, 0, 12) && AIC: 1512.2956474351756
(2, 0, 0, 0, 2, 0, 12) && AIC: 1544.9097547277288
(1, 0, 0, 2, 1, 0, 12) && AIC: 1198.7635642960831
(1, 2, 0, 1, 0, 0, 12) && AIC: 1644.9625428039121
(0, 1, 1, 2, 1, 2, 12) && AIC: 1146.02529182455
(1, 0, 1, 2, 0, 2, 12) && AIC: 1285.3102005620267
(0, 1, 2, 1, 0, 1, 12) && AIC: 1425.9717350915637
(1, 0, 1, 1, 2, 2, 12) && AIC: 1110.8988629558207
(1, 2, 1, 2, 0, 2, 12) && AIC: 1308.120292467534
(2, 1, 1, 1, 2, 0, 12) && AIC: 1282.2944480907754
(1, 2, 0, 1, 2, 0, 12) && AIC: 1428.6071429095277
(1, 1, 0, 1, 0, 2, 12) && AIC: 1344.622826332004
(0, 2, 0, 1, 1, 2, 12) && AIC: 1376.9875431452424
(0, 2, 2, 2, 1, 1, 12) && AIC: 1223.3325313634305
(0, 0, 1, 0, 2, 0, 12) && AIC: 1547.0357906257868
(0, 1, 0, 2, 1, 0, 12) && AIC: 1251.058612724933
(0, 2, 0, 0, 1, 2, 12) && AIC: 1375.4142021280038
(2, 0, 0, 1, 0, 0, 12) && AIC: 1494.5175102190192
(2, 1, 0, 1, 0, 1, 12) && AIC: 1464.068704363416
(0, 0, 1, 2, 1, 1, 12) && AIC: 1210.6543006996983
(2, 1, 1, 1, 0, 0, 12) && AIC: 1463.6056256542693
(0, 2, 0, 2, 2, 1, 12) && AIC: 1317.420240691694
(2, 2, 2, 1, 1, 0, 12) && AIC: 1302.3906027024664
(2, 1, 2, 2, 1, 0, 12) && AIC: 1163.3327380789792
(0, 2, 2, 1, 0, 1, 12) && AIC: 1431.488195603859
(1, 2, 0, 0, 0, 0, 12) && AIC: 1881.5025486937066
(1, 1, 0, 2, 0, 1, 12) && AIC: 1318.436337708259
(2, 2, 1, 0, 2, 2, 12) && AIC: 1131.0724698419758
(0, 1, 1, 1, 2, 1, 12) && AIC: 1234.374324967273
(1, 2, 0, 0, 2, 0, 12) && AIC: 1715.1132060376808
(2, 0, 2, 1, 1, 1, 12) && AIC: 1290.594093040827
(1, 0, 2, 0, 1, 2, 12) && AIC: 1156.3091949619309
(1, 0, 2, 1, 1, 2, 12) && AIC: 1158.1585641589968
(1, 2, 0, 2, 2, 1, 12) && AIC: 1227.220607086923
(2, 1, 1, 2, 0, 0, 12) && AIC: 1266.0381460348758
(2, 1, 2, 1, 1, 0, 12) && AIC: 1301.5901953527718
(0, 2, 1, 0, 0, 1, 12) && AIC: 1558.9330837152538
(2, 1, 0, 2, 0, 2, 12) && AIC: 1302.1098671071124
(0, 0, 2, 1, 0, 2, 12) && AIC: 1293.1127941659392
(1, 2, 2, 0, 1, 1, 12) && AIC: 1275.2669289566325
(1, 0, 0, 0, 0, 1, 12) && AIC: 1574.286863009208
(0, 2, 0, 1, 2, 2, 12) && AIC: 1302.9228228835996
(1, 0, 1, 1, 1, 2, 12) && AIC: 1174.6485313695862
(1, 1, 1, 0, 2, 1, 12) && AIC: 1230.7710619595873
(0, 2, 2, 0, 1, 2, 12) && AIC: 1152.3999630695582
(2, 2, 2, 0, 1, 1, 12) && AIC: 1277.254562971587
(0, 2, 0, 0, 2, 2, 12) && AIC: 1311.0598935137632
(0, 1, 0, 0, 1, 0, 12) && AIC: 1599.1461224807272
(0, 2, 2, 0, 2, 2, 12) && AIC: 1099.9905509751738
(1, 2, 1, 0, 1, 2, 12) && AIC: 1193.6191495380035
(0, 0, 2, 2, 0, 1, 12) && AIC: 1305.387080093601
(0, 1, 1, 0, 0, 2, 12) && AIC: 1301.807541177614
(0, 0, 1, 0, 0, 0, 12) && AIC: 1988.9272146418743
(2, 0, 0, 1, 2, 0, 12) && AIC: 1285.6221852206968
(2, 0, 1, 1, 2, 1, 12) && AIC: 1230.8842131375109
(2, 0, 2, 2, 0, 1, 12) && AIC: 1279.0741859887232
(2, 2, 0, 2, 2, 1, 12) && AIC: 1202.7306891261671
(2, 0, 2, 0, 1, 0, 12) && AIC: 1510.6257970235677
(2, 1, 2, 0, 1, 0, 12) && AIC: 1503.5481938260618
(2, 2, 0, 0, 2, 0, 12) && AIC: 1677.4607929089348
(1, 0, 2, 0, 2, 2, 12) && AIC: 1105.4099802263736
(2, 2, 1, 0, 1, 2, 12) && AIC: 1189.7485632204398
(1, 0, 0, 1, 1, 2, 12) && AIC: 1200.9813615424532
(2, 2, 0, 0, 0, 0, 12) && AIC: 1812.0817338323507
(1, 0, 2, 1, 2, 2, 12) && AIC: 1104.6189908664874
(1, 2, 2, 1, 1, 0, 12) && AIC: 1313.0822008704545
(0, 2, 1, 2, 0, 2, 12) && AIC: 1329.04312775127
(1, 0, 0, 1, 2, 2, 12) && AIC: 1134.7736110462847
(1, 1, 1, 1, 0, 2, 12) && AIC: 1292.231713749779
(2, 1, 1, 0, 1, 1, 12) && AIC: 1288.3773273804936
(1, 1, 1, 2, 2, 2, 12) && AIC: 1100.038428231022
(2, 1, 1, 2, 2, 0, 12) && AIC: 1136.6366298218436
(0, 0, 1, 1, 1, 1, 12) && AIC: 1334.9699287636477
(2, 0, 1, 2, 2, 0, 12) && AIC: 1141.3091961608836
(1, 1, 2, 1, 0, 2, 12) && AIC: 1282.073568827264
(0, 1, 0, 1, 1, 1, 12) && AIC: 1373.4125870390126
(2, 0, 1, 0, 1, 1, 12) && AIC: 1296.5735577710097
(2, 2, 0, 1, 2, 0, 12) && AIC: 1383.0389315241196
(1, 2, 1, 1, 2, 2, 12) && AIC: 1141.6385862477619
(2, 2, 2, 2, 1, 2, 12) && AIC: 1142.466971515799
(2, 0, 1, 2, 0, 0, 12) && AIC: 1289.4877644433818
(2, 2, 0, 1, 0, 0, 12) && AIC: 1599.628706661376
(1, 1, 2, 0, 0, 2, 12) && AIC: 1293.0389731653522
(1, 2, 1, 1, 1, 2, 12) && AIC: 1194.8715759201796
(2, 2, 2, 2, 2, 2, 12) && AIC: 1100.1039468095828
(1, 2, 1, 0, 2, 2, 12) && AIC: 1140.5652271778526
(0, 1, 0, 2, 0, 1, 12) && AIC: 1350.136092258304
(0, 1, 2, 1, 2, 0, 12) && AIC: 1302.0310418668728
(0, 0, 1, 2, 0, 0, 12) && AIC: 1303.5435020212076
(1, 2, 1, 2, 2, 1, 12) && AIC: 1145.4870522911774
(0, 1, 2, 1, 0, 0, 12) && AIC: 1481.47565028338
(0, 2, 0, 0, 0, 1, 12) && AIC: 1718.2983559658246
(0, 2, 2, 1, 2, 2, 12) && AIC: 1100.3437205083392
(2, 1, 0, 1, 2, 0, 12) && AIC: 1313.8890535515413
(2, 1, 2, 2, 0, 1, 12) && AIC: 1267.1323378292395
(2, 1, 1, 1, 2, 1, 12) && AIC: 1227.4881683116796
(0, 0, 2, 2, 2, 0, 12) && AIC: 1157.1120828147416
(1, 0, 1, 0, 0, 1, 12) && AIC: 1504.905233537153
(0, 0, 1, 0, 2, 1, 12) && AIC: 1236.539434883901
(2, 0, 0, 1, 0, 1, 12) && AIC: 1440.1417757796248
(2, 0, 1, 1, 0, 0, 12) && AIC: 1472.2443807767793
(2, 1, 0, 1, 0, 0, 12) && AIC: 1501.588982957377
(1, 1, 0, 0, 2, 1, 12) && AIC: 1287.5493842018486
(2, 2, 1, 2, 0, 2, 12) && AIC: 1300.5437858657679
(0, 0, 0, 1, 0, 2, 12) && AIC: 1322.3076408384006
(1, 1, 0, 2, 2, 0, 12) && AIC: 1171.542945908089
(0, 1, 2, 0, 2, 0, 12) && AIC: 1536.525443500444
(1, 1, 1, 2, 1, 2, 12) && AIC: 1146.7731336808843
(0, 1, 2, 2, 1, 1, 12) && AIC: 1170.4730720668827
(1, 2, 0, 0, 0, 1, 12) && AIC: 1660.1229249755752
(1, 1, 0, 2, 0, 0, 12) && AIC: 1316.912585723183
(0, 1, 2, 0, 0, 0, 12) && AIC: 1682.210931930174
(0, 0, 0, 0, 0, 2, 12) && AIC: 1582.94977887988
(1, 0, 0, 0, 2, 2, 12) && AIC: 1123.0947514337668
(1, 0, 2, 1, 0, 1, 12) && AIC: 1433.18374567793
(2, 1, 0, 0, 2, 0, 12) && AIC: 1589.4037105043649
(2, 0, 2, 1, 1, 0, 12) && AIC: 1308.8802967331628
(2, 1, 0, 2, 1, 1, 12) && AIC: 1177.368562494214
(2, 2, 1, 1, 0, 1, 12) && AIC: 1466.086912645796
(0, 2, 1, 1, 1, 2, 12) && AIC: 1223.8841545645355
(1, 0, 0, 2, 2, 1, 12) && AIC: 1122.9395788947922
(2, 1, 2, 1, 1, 1, 12) && AIC: 1290.9979504617081
(1, 0, 2, 2, 1, 1, 12) && AIC: 1175.1957656738305
(1, 2, 2, 0, 1, 0, 12) && AIC: 1510.5610192697904
(1, 1, 0, 1, 1, 1, 12) && AIC: 1354.8267155884384
(1, 1, 2, 2, 1, 2, 12) && AIC: 1139.8963437672642
(0, 2, 2, 2, 0, 2, 12) && AIC: 1264.200333374672
(0, 2, 2, 1, 1, 2, 12) && AIC: 1152.8965509818927
(2, 0, 2, 2, 1, 0, 12) && AIC: 1172.6539249706034
(1, 1, 2, 0, 2, 1, 12) && AIC: 1222.1675617395967
(0, 0, 2, 0, 2, 1, 12) && AIC: 1225.0425126639752
(0, 0, 1, 2, 2, 0, 12) && AIC: 1158.6919927339372
(0, 1, 1, 1, 0, 2, 12) && AIC: 1294.2938748737927
(0, 2, 0, 2, 1, 0, 12) && AIC: 1394.1190427833944
(2, 2, 0, 2, 0, 0, 12) && AIC: 1376.8822392164143
(2, 2, 2, 1, 2, 1, 12) && AIC: 1221.62128558135
(2, 0, 0, 2, 0, 2, 12) && AIC: 1280.7551123837027
(2, 2, 0, 0, 1, 1, 12) && AIC: 1410.8060612125228
(0, 0, 2, 2, 0, 0, 12) && AIC: 1303.41276111605
(2, 0, 1, 1, 2, 0, 12) && AIC: 1287.5841936830293
(2, 2, 0, 2, 2, 0, 12) && AIC: 1218.7673437903582
(1, 2, 0, 2, 0, 2, 12) && AIC: 1418.8065358219876
(1, 0, 1, 0, 2, 0, 12) && AIC: 1548.3667909481458
(0, 2, 1, 0, 2, 2, 12) && AIC: 1169.903233113066
(1, 0, 0, 0, 1, 2, 12) && AIC: 1199.3454181335674
(0, 1, 1, 2, 0, 1, 12) && AIC: 1283.8864053772481
(1, 1, 1, 0, 0, 2, 12) && AIC: 1301.0727212157176
(0, 2, 1, 0, 1, 2, 12) && AIC: 1221.9146890685688
(0, 2, 1, 1, 2, 2, 12) && AIC: 1166.7696781902664
(2, 0, 1, 0, 0, 0, 12) && AIC: 1696.0001235344089
(0, 0, 0, 2, 1, 2, 12) && AIC: 1211.4297136493283
(0, 0, 2, 1, 1, 1, 12) && AIC: 1319.38208474689
(2, 1, 0, 0, 0, 0, 12) && AIC: 1717.968898558953
(0, 0, 0, 0, 2, 1, 12) && AIC: 1252.7508051509813
(2, 0, 1, 0, 2, 0, 12) && AIC: 1546.7724762857401
(0, 1, 0, 2, 2, 2, 12) && AIC: 1169.8775698844242
(1, 1, 2, 2, 2, 2, 12) && AIC: 1097.8351444262175
(2, 0, 1, 2, 2, 1, 12) && AIC: 1107.9549610817596
(1, 2, 2, 2, 1, 0, 12) && AIC: 1176.160307774843
(1, 0, 1, 1, 2, 0, 12) && AIC: 1298.8331426057462
(2, 2, 0, 1, 2, 1, 12) && AIC: 1325.3017034355184
(2, 2, 1, 1, 2, 0, 12) && AIC: 1308.077105374513
(2, 2, 2, 0, 0, 2, 12) && AIC: 1296.028358110704
(0, 1, 0, 0, 2, 1, 12) && AIC: 1313.3001726698826
(1, 2, 1, 0, 0, 1, 12) && AIC: 1543.8578273788162
(0, 1, 2, 1, 1, 1, 12) && AIC: 1292.5219839196347
(0, 2, 0, 0, 1, 0, 12) && AIC: 1745.7213415621563
(1, 2, 1, 2, 1, 0, 12) && AIC: 1208.2025149070032
(2, 1, 2, 0, 2, 1, 12) && AIC: 1223.769361805806
(0, 0, 2, 0, 0, 0, 12) && AIC: 1917.4019570373707
(1, 0, 1, 2, 2, 1, 12) && AIC: 1124.6216396882517
(0, 0, 1, 2, 0, 1, 12) && AIC: 1306.7865383860335
(2, 1, 0, 1, 1, 1, 12) && AIC: 1340.055736366639
(2, 2, 1, 0, 2, 0, 12) && AIC: 1586.3162706711403
(2, 0, 0, 0, 1, 2, 12) && AIC: 1198.6074294917885
(2, 2, 1, 2, 1, 1, 12) && AIC: 1177.7104838647033
(1, 1, 0, 0, 0, 0, 12) && AIC: 1754.0444649743272
(0, 1, 2, 2, 0, 0, 12) && AIC: 1281.6471487466893
(0, 2, 2, 0, 0, 1, 12) && AIC: 1491.2136103887742
(1, 0, 1, 0, 0, 0, 12) && AIC: 1700.1392275525254
(1, 1, 0, 2, 1, 1, 12) && AIC: 1198.2223521283534
(1, 0, 2, 1, 1, 0, 12) && AIC: 1315.61841521826
(1, 1, 0, 0, 2, 0, 12) && AIC: 1617.523279121848
(0, 1, 2, 2, 2, 0, 12) && AIC: 1154.6230737781507
(0, 0, 0, 2, 2, 2, 12) && AIC: 1118.5214374507586
(1, 0, 0, 2, 0, 2, 12) && AIC: 1288.4446420900376
(1, 2, 0, 0, 1, 2, 12) && AIC: 1300.4795357030894
(2, 0, 2, 1, 0, 1, 12) && AIC: 1429.201433230422
(2, 1, 0, 2, 0, 0, 12) && AIC: 1299.4969655122763
(1, 2, 0, 1, 1, 2, 12) && AIC: 1301.995789648844
(0, 1, 1, 2, 2, 0, 12) && AIC: 1153.3495859497011
(0, 1, 0, 1, 0, 2, 12) && AIC: 1360.0801123116362
(0, 1, 2, 0, 2, 1, 12) && AIC: 1222.6751034241506
(0, 1, 0, 2, 1, 2, 12) && AIC: 1227.0432814720584
(2, 1, 0, 0, 2, 1, 12) && AIC: 1276.1292208776558
(2, 1, 2, 1, 0, 2, 12) && AIC: 1281.0927799504752
(1, 2, 2, 0, 0, 1, 12) && AIC: 1485.4651182167277
(1, 1, 0, 1, 0, 0, 12) && AIC: 1533.5363098590776
(2, 1, 2, 2, 2, 2, 12) && AIC: 1096.0576531121208
(1, 0, 0, 1, 0, 1, 12) && AIC: 1447.177072411288
(2, 2, 1, 1, 0, 0, 12) && AIC: 1500.7198107167633
(1, 0, 1, 1, 0, 0, 12) && AIC: 1485.976523578567
(2, 1, 1, 1, 0, 2, 12) && AIC: 1291.728321561165
(1, 1, 0, 1, 2, 0, 12) && AIC: 1333.6045548432364
(1, 1, 2, 2, 0, 1, 12) && AIC: 1276.2755574585003
(2, 2, 2, 1, 0, 2, 12) && AIC: 1287.9845178861194
(0, 0, 1, 0, 0, 2, 12) && AIC: 1492.3701899829803
(0, 2, 1, 2, 1, 1, 12) && AIC: 1242.6865770234795
(1, 0, 2, 2, 1, 0, 12) && AIC: 1181.9567603528608
(2, 0, 0, 1, 2, 2, 12) && AIC: 1121.0351716097382
(0, 0, 0, 1, 1, 1, 12) && AIC: 1368.672256792182
(0, 1, 1, 1, 1, 1, 12) && AIC: 1308.3369888443626
(2, 1, 1, 0, 0, 2, 12) && AIC: 1301.0160575282116
(0, 0, 2, 2, 1, 1, 12) && AIC: 1208.4701404029527
(2, 0, 0, 1, 1, 2, 12) && AIC: 1200.5022683315217
(2, 0, 2, 2, 1, 1, 12) && AIC: 1158.3099251900217
(0, 0, 1, 1, 0, 2, 12) && AIC: 1304.049162333757
(2, 0, 0, 0, 2, 2, 12) && AIC: 1124.2631398035453
(0, 0, 2, 0, 2, 0, 12) && AIC: 1537.9492384744985
(1, 1, 2, 1, 1, 1, 12) && AIC: 1294.4680695134862
(2, 0, 2, 0, 2, 2, 12) && AIC: 1107.6155819290193
(1, 2, 0, 0, 2, 2, 12) && AIC: 1240.347965215336
(2, 0, 0, 2, 2, 1, 12) && AIC: 1106.0292626139137
(2, 2, 2, 2, 0, 1, 12) && AIC: 1268.277959424244
(2, 2, 1, 0, 0, 0, 12) && AIC: 1716.362439981539
(1, 0, 1, 2, 0, 0, 12) && AIC: 1284.6660531584353
(1, 2, 2, 1, 1, 2, 12) && AIC: 1153.9157803413593
(0, 1, 1, 0, 2, 1, 12) && AIC: 1229.2553755197416
(1, 2, 0, 1, 2, 2, 12) && AIC: 1231.3171178350635
(0, 2, 0, 1, 1, 0, 12) && AIC: 1525.3402446824994
(1, 1, 1, 2, 2, 0, 12) && AIC: 1143.9824036164928
(1, 2, 2, 1, 2, 2, 12) && AIC: 1125.3296999640293
(0, 0, 2, 1, 0, 0, 12) && AIC: 1515.733140082062
(1, 1, 1, 0, 1, 1, 12) && AIC: 1287.1138845618773
(2, 1, 0, 2, 2, 0, 12) && AIC: 1159.2169725857389
(0, 1, 1, 2, 0, 0, 12) && AIC: 1282.9327064062886
(0, 2, 1, 1, 0, 1, 12) && AIC: 1510.761591250271
(0, 0, 0, 2, 0, 1, 12) && AIC: 1314.6554945401422
(0, 0, 2, 1, 2, 0, 12) && AIC: 1307.294015428607
(0, 1, 0, 0, 0, 2, 12) && AIC: 1378.2812728748795
(2, 1, 2, 2, 1, 2, 12) && AIC: 1141.7561781054842
(2, 0, 1, 0, 0, 1, 12) && AIC: 1499.0281253750468
(1, 1, 1, 1, 2, 1, 12) && AIC: 1225.7920711775653
(1, 2, 1, 0, 1, 0, 12) && AIC: 1576.3734162038218
(1, 1, 2, 0, 1, 0, 12) && AIC: 1501.4466337069248
(1, 0, 2, 0, 1, 0, 12) && AIC: 1511.9692540303377
(2, 0, 2, 0, 1, 2, 12) && AIC: 1158.2676670528817
(1, 0, 1, 1, 2, 1, 12) && AIC: 1237.452634428785
(0, 2, 0, 0, 1, 1, 12) && AIC: 1504.6186060604186
(2, 1, 1, 2, 1, 2, 12) && AIC: 1149.286678253426
(2, 2, 1, 2, 0, 0, 12) && AIC: 1297.9114656537981
(2, 1, 1, 0, 2, 1, 12) && AIC: 1276.804740598654
(1, 0, 1, 0, 1, 1, 12) && AIC: 1299.8984546679578
(0, 2, 2, 2, 2, 1, 12) && AIC: 1138.7350791644706
(1, 0, 1, 2, 2, 0, 12) && AIC: 1148.614708612824
(0, 2, 2, 0, 2, 0, 12) && AIC: 1550.9466490946802
(2, 2, 1, 0, 2, 1, 12) && AIC: 1262.1167641942639
(1, 1, 1, 2, 0, 0, 12) && AIC: 1274.8874397039608
(0, 1, 1, 0, 0, 0, 12) && AIC: 1694.4526925455107
(0, 1, 2, 2, 0, 1, 12) && AIC: 1282.7704417884597
(2, 0, 1, 2, 0, 2, 12) && AIC: 1281.1035045040094
(0, 2, 2, 0, 0, 0, 12) && AIC: 1679.7208287565868
(1, 2, 0, 1, 0, 1, 12) && AIC: 1620.6128188483635
(1, 2, 2, 0, 2, 2, 12) && AIC: 1101.4361454255873
(2, 2, 0, 1, 0, 2, 12) && AIC: 1420.1163488776397
(1, 0, 2, 1, 1, 1, 12) && AIC: 1288.599514520261
(0, 0, 0, 0, 1, 0, 12) && AIC: 1545.0618685115107
(2, 1, 0, 2, 0, 1, 12) && AIC: 1300.316475916984
(1, 2, 2, 2, 2, 1, 12) && AIC: 1115.6208297065823
(2, 2, 1, 1, 1, 1, 12) && AIC: 1335.2119682055613
(2, 1, 2, 0, 0, 2, 12) && AIC: 1293.5880838798782
(2, 2, 0, 0, 0, 2, 12) && AIC: 1429.6278477817186
(1, 1, 2, 2, 1, 0, 12) && AIC: 1170.9599119259371
(1, 2, 0, 2, 1, 1, 12) && AIC: 1295.6172513262622
(1, 0, 0, 1, 2, 0, 12) && AIC: 1297.2609866490643
(0, 2, 2, 1, 2, 0, 12) && AIC: 1306.5700046699237
(1, 0, 2, 2, 0, 1, 12) && AIC: 1284.4290869285092
(0, 0, 1, 2, 2, 2, 12) && AIC: 1103.951864869125
(1, 1, 1, 1, 0, 0, 12) && AIC: 1476.9192217283394
(0, 1, 1, 1, 0, 0, 12) && AIC: 1490.020599388557
(0, 2, 0, 2, 1, 2, 12) && AIC: 1369.983361968511
(1, 1, 0, 1, 0, 1, 12) && AIC: 1501.3370590568843
(1, 0, 0, 1, 0, 0, 12) && AIC: 1506.909063901509
(0, 2, 2, 1, 0, 0, 12) && AIC: 1491.12592231178
(2, 1, 1, 2, 2, 2, 12) && AIC: 1136.4724194761907
(0, 0, 1, 2, 1, 2, 12) && AIC: 1192.6232553545963
(0, 2, 0, 2, 2, 2, 12) && AIC: 1300.7445112148466
(0, 2, 1, 2, 1, 0, 12) && AIC: 1249.5582974883305
(2, 0, 2, 2, 0, 2, 12) && AIC: 1270.0739478600944
(0, 0, 0, 1, 1, 0, 12) && AIC: 1385.527836168652
(0, 0, 1, 1, 2, 1, 12) && AIC: 1228.4819126535024
(2, 0, 0, 0, 0, 1, 12) && AIC: 1561.9157044267986
(2, 0, 2, 1, 2, 2, 12) && AIC: 1105.5548993358736
(2, 2, 2, 0, 2, 1, 12) && AIC: 1228.992319137772
(2, 2, 1, 2, 2, 0, 12) && AIC: 1157.8324218368086
(2, 0, 0, 2, 1, 0, 12) && AIC: 1184.496741889851
(1, 2, 1, 1, 1, 0, 12) && AIC: 1352.0775915257182
(0, 1, 2, 0, 0, 2, 12) && AIC: 1291.1241780176176
(1, 0, 0, 0, 2, 0, 12) && AIC: 1561.823243500388
(2, 2, 2, 2, 2, 0, 12) && AIC: 1138.7797127651966
(1, 1, 2, 1, 1, 0, 12) && AIC: 1312.7735054125997
(1, 0, 0, 2, 1, 1, 12) && AIC: 1198.7581212804876
(1, 1, 1, 0, 0, 0, 12) && AIC: 1692.869590998408
(1, 2, 2, 0, 1, 2, 12) && AIC: 1153.159014508509
(2, 2, 2, 2, 0, 0, 12) && AIC: 1267.2793187252928
(1, 0, 0, 0, 0, 0, 12) && AIC: 1782.2127378147898
(0, 1, 1, 2, 1, 1, 12) && AIC: 1169.8088961199965
(0, 2, 1, 1, 1, 0, 12) && AIC: 1379.5846008205654
(0, 1, 2, 1, 0, 2, 12) && AIC: 1280.148782719988
(0, 0, 0, 2, 1, 0, 12) && AIC: 1218.2056948348913
(0, 1, 1, 0, 2, 0, 12) && AIC: 1558.2440788685137
(2, 1, 0, 0, 0, 2, 12) && AIC: 1344.232129556832
(2, 1, 1, 1, 1, 1, 12) && AIC: 1306.5574179645619
(1, 1, 1, 2, 2, 1, 12) && AIC: 1120.0600291264705
(0, 0, 2, 1, 0, 1, 12) && AIC: 1430.377179341181
(2, 1, 0, 1, 0, 2, 12) && AIC: 1333.6383646066183
(2, 0, 1, 0, 1, 2, 12) && AIC: 1172.4334804229725
(2, 0, 1, 1, 1, 2, 12) && AIC: 1191.0923609829013
(2, 2, 0, 2, 1, 2, 12) && AIC: 1251.0984588919332
(2, 2, 2, 1, 1, 1, 12) && AIC: 1295.4639862399297
(2, 2, 0, 0, 2, 1, 12) && AIC: 1355.8576071336554
(1, 1, 0, 2, 0, 2, 12) && AIC: 1319.6161029456423
(0, 1, 0, 1, 2, 1, 12) && AIC: 1294.5457662417602
(1, 1, 1, 1, 2, 0, 12) && AIC: 1289.8883201248484
(0, 1, 1, 1, 2, 0, 12) && AIC: 1302.955224385788
(1, 2, 1, 0, 1, 1, 12) && AIC: 1324.4122811283933
(2, 0, 2, 1, 1, 2, 12) && AIC: 1160.1076193623844
(1, 2, 1, 2, 2, 2, 12) && AIC: 1136.4886023128965
(2, 1, 2, 1, 2, 1, 12) && AIC: 1218.2392011544607
(2, 1, 1, 2, 0, 1, 12) && AIC: 1266.913033184984
(0, 2, 0, 1, 2, 1, 12) && AIC: 1432.5643293806133
(0, 2, 2, 2, 0, 0, 12) && AIC: 1286.8833406848253
(2, 2, 1, 2, 0, 1, 12) && AIC: 1298.6112200631324
(1, 1, 1, 0, 2, 0, 12) && AIC: 1550.9788587781381
(0, 2, 2, 0, 1, 1, 12) && AIC: 1276.4779929021624
(1, 2, 0, 1, 1, 0, 12) && AIC: 1449.7769604234106
(2, 0, 1, 0, 2, 2, 12) && AIC: 1113.5566553704648
(0, 2, 2, 2, 2, 0, 12) && AIC: 1156.2578803246838
(1, 2, 2, 2, 0, 2, 12) && AIC: 1285.9923338686458
(0, 0, 1, 0, 1, 1, 12) && AIC: 1335.9098373278284
(0, 1, 0, 2, 2, 0, 12) && AIC: 1217.5516941397786
(0, 1, 2, 2, 1, 2, 12) && AIC: 1137.8977911393868
(0, 1, 0, 0, 1, 1, 12) && AIC: 1358.9837685992625
(2, 0, 2, 0, 0, 1, 12) && AIC: 1504.99404671836
(0, 1, 0, 2, 0, 0, 12) && AIC: 1348.1537500750171
(0, 0, 2, 2, 0, 2, 12) && AIC: 1271.4413439171608
(0, 1, 2, 1, 2, 1, 12) && AIC: 1217.1959320182787
(1, 0, 2, 2, 2, 2, 12) && AIC: 1098.7681083820676
(2, 0, 1, 1, 2, 2, 12) && AIC: 1112.6773277683924
(2, 2, 0, 2, 2, 2, 12) && AIC: 1189.2097177133492
(2, 1, 2, 2, 2, 0, 12) && AIC: 1139.7133077442863
(1, 0, 1, 1, 0, 2, 12) && AIC: 1300.771359736289
(2, 1, 2, 0, 1, 1, 12) && AIC: 1275.9525868111361
(1, 0, 2, 0, 2, 1, 12) && AIC: 1226.9421879769138
(1, 2, 1, 2, 1, 2, 12) && AIC: 1186.7325766207996
(1, 2, 2, 1, 0, 1, 12) && AIC: 1431.3806251863434
(1, 0, 0, 1, 1, 1, 12) && AIC: 1337.3289328509238
(1, 0, 1, 0, 0, 2, 12) && AIC: 1307.9987789016732
(0, 2, 1, 0, 1, 0, 12) && AIC: 1587.7106660010872
(1, 1, 0, 1, 1, 2, 12) && AIC: 1207.8333093739288
(1, 1, 2, 2, 1, 1, 12) && AIC: 1157.3428532757266
(1, 2, 0, 2, 1, 0, 12) && AIC: 1301.467529735588
(1, 1, 0, 0, 1, 2, 12) && AIC: 1206.376811653165
(0, 2, 1, 2, 0, 1, 12) && AIC: 1349.5094402020814
(0, 2, 0, 0, 0, 2, 12) && AIC: 1523.5738600938257
(0, 2, 2, 1, 2, 1, 12) && AIC: 1221.9272576282551
(0, 0, 0, 1, 0, 1, 12) && AIC: 1453.4699118882284
(2, 0, 0, 0, 1, 0, 12) && AIC: 1525.0707557340188
(1, 1, 0, 2, 2, 1, 12) && AIC: 1141.9368937304064
(0, 1, 1, 1, 0, 1, 12) && AIC: 1435.1825999950026
(2, 1, 1, 0, 1, 0, 12) && AIC: 1511.0121651486738
(2, 0, 1, 2, 1, 1, 12) && AIC: 1156.3264064463783
(2, 2, 1, 0, 0, 2, 12) && AIC: 1334.2627398844604
(0, 0, 1, 1, 1, 0, 12) && AIC: 1358.1190954736458
(1, 1, 2, 1, 0, 1, 12) && AIC: 1431.8613603490019
(0, 1, 2, 2, 2, 2, 12) && AIC: 1092.1276540736326
(1, 0, 0, 2, 0, 0, 12) && AIC: 1293.584811523063
(2, 2, 2, 0, 0, 0, 12) && AIC: 1677.9805628875934
(1, 2, 1, 1, 2, 1, 12) && AIC: 1261.9164357480945
(2, 2, 2, 2, 1, 1, 12) && AIC: 1154.0133172494557
(2, 2, 1, 1, 0, 2, 12) && AIC: 1321.2452093215838
(2, 2, 2, 0, 2, 0, 12) && AIC: 1538.5685229262513
(1, 0, 0, 2, 2, 0, 12) && AIC: 1147.9976970125058
(2, 1, 0, 2, 2, 2, 12) && AIC: 1125.6480324323788
(1, 0, 0, 0, 2, 1, 12) && AIC: 1250.4488154436278
(1, 0, 2, 1, 0, 2, 12) && AIC: 1289.3331029760425
(1, 0, 2, 2, 1, 2, 12) && AIC: 1145.673296325896
(1, 1, 1, 0, 0, 1, 12) && AIC: 1499.9628169347452
(2, 1, 0, 2, 1, 2, 12) && AIC: 1180.4465240863572
(0, 2, 1, 1, 1, 1, 12) && AIC: 1346.5927658048813
(2, 0, 0, 1, 1, 0, 12) && AIC: 1324.6356190830188
(0, 0, 0, 2, 1, 1, 12) && AIC: 1218.2502827521948
(0, 0, 2, 1, 1, 2, 12) && AIC: 1182.013526994728
(1, 1, 0, 1, 2, 2, 12) && AIC: 1143.4996645093402
(2, 1, 1, 1, 1, 0, 12) && AIC: 1304.563325218377
(0, 0, 2, 0, 1, 2, 12) && AIC: 1180.5487516378785
(2, 1, 0, 1, 2, 1, 12) && AIC: 1263.409842124549
(2, 1, 2, 2, 0, 0, 12) && AIC: 1266.4526183906214
(2, 2, 2, 1, 0, 0, 12) && AIC: 1464.1268831304865
(1, 1, 2, 0, 1, 2, 12) && AIC: 1151.6499745553724
(0, 0, 2, 2, 2, 1, 12) && AIC: 1126.2809937168036
(2, 0, 1, 1, 0, 1, 12) && AIC: 1438.9720589692809
(2, 2, 0, 2, 0, 1, 12) && AIC: 1377.8500243434519
(2, 2, 2, 1, 2, 0, 12) && AIC: 1280.2958132317829
(1, 1, 0, 0, 2, 2, 12) && AIC: 1149.4074096984193
(1, 2, 0, 0, 1, 0, 12) && AIC: 1702.0496463421382
(1, 1, 2, 0, 2, 2, 12) && AIC: 1098.1326746785091
(1, 0, 1, 2, 1, 2, 12) && AIC: 1157.1950003903057
(0, 1, 0, 1, 0, 0, 12) && AIC: 1553.0162382095073
(1, 2, 1, 0, 0, 2, 12) && AIC: 1344.4011569616473
(2, 1, 1, 2, 1, 0, 12) && AIC: 1161.5477641808218
(0, 1, 1, 2, 0, 2, 12) && AIC: 1270.1470688599609
(2, 2, 0, 1, 1, 1, 12) && AIC: 1415.9631237732046
(0, 1, 0, 1, 2, 0, 12) && AIC: 1369.6947774683808
(0, 2, 0, 1, 0, 2, 12) && AIC: 1498.6460293558523
(2, 1, 2, 1, 0, 0, 12) && AIC: 1465.5740331836241
(2, 1, 2, 1, 2, 0, 12) && AIC: 1283.8675704789366
(1, 1, 1, 2, 0, 2, 12) && AIC: 1269.3451952087344
(0, 0, 2, 1, 2, 2, 12) && AIC: 1102.7428874690208
(0, 1, 0, 0, 0, 0, 12) && AIC: 1777.2190781502652
(0, 0, 0, 0, 1, 2, 12) && AIC: 1208.0157641272363
(0, 2, 0, 2, 0, 1, 12) && AIC: 1498.5051641926807
(2, 0, 2, 2, 2, 1, 12) && AIC: 1110.0433041565843
(0, 1, 0, 0, 2, 0, 12) && AIC: 1625.2245530270966
(0, 0, 2, 0, 2, 2, 12) && AIC: 1109.1022501334073
(1, 0, 2, 0, 0, 2, 12) && AIC: 1295.0113486251248
(1, 2, 0, 1, 1, 1, 12) && AIC: 1439.112953007319
(2, 0, 2, 0, 2, 0, 12) && AIC: 1509.7294350636998
(2, 1, 2, 0, 0, 0, 12) && AIC: 1683.5223036109287
(0, 0, 0, 0, 2, 2, 12) && AIC: 1124.7923160561604
(0, 0, 1, 0, 1, 0, 12) && AIC: 1522.0858549033192
(0, 1, 0, 2, 2, 1, 12) && AIC: 1185.6558326720542
(2, 0, 2, 0, 0, 0, 12) && AIC: 1683.3751342585006
(2, 2, 0, 0, 1, 0, 12) && AIC: 1645.2234240857074
(1, 0, 1, 2, 2, 2, 12) && AIC: 1104.2875762751892
(0, 1, 2, 0, 1, 1, 12) && AIC: 1277.3973769801814
(2, 1, 2, 2, 2, 1, 12) && AIC: 1105.3961695610847
(1, 2, 0, 2, 0, 1, 12) && AIC: 1420.2091626171818
(1, 2, 2, 1, 2, 0, 12) && AIC: 1295.282799360181
(1, 0, 1, 0, 2, 1, 12) && AIC: 1238.4274660424257
(0, 2, 1, 0, 2, 1, 12) && AIC: 1297.8068777462668
(1, 2, 2, 1, 0, 0, 12) && AIC: 1476.2888414666368
(1, 1, 0, 0, 0, 1, 12) && AIC: 1554.3533341767506
(1, 1, 2, 1, 2, 2, 12) && AIC: 1102.2324904095824
(2, 1, 0, 0, 1, 1, 12) && AIC: 1332.400562734977
(2, 0, 2, 1, 2, 0, 12) && AIC: 1284.041530029983
(2, 2, 1, 2, 2, 2, 12) && AIC: 1131.8825556516704
(0, 1, 1, 0, 1, 2, 12) && AIC: 1156.8016612421327
(2, 0, 0, 0, 1, 1, 12) && AIC: 1329.9692171146694
(2, 2, 1, 2, 1, 2, 12) && AIC: 1179.6153527659228
(2, 0, 0, 2, 2, 2, 12) && AIC: 1105.1061703314545
(1, 2, 2, 0, 2, 0, 12) && AIC: 1544.7259885074077
(2, 0, 1, 2, 1, 0, 12) && AIC: 1169.9917184338956
(1, 2, 2, 2, 1, 1, 12) && AIC: 1165.59113800872
(2, 2, 1, 1, 2, 1, 12) && AIC: 1257.0173163799232
(1, 0, 0, 2, 0, 1, 12) && AIC: 1295.5834792129272
(1, 2, 2, 0, 0, 0, 12) && AIC: 1677.3136454835396
(0, 1, 2, 1, 1, 0, 12) && AIC: 1319.3150834757619
(0, 0, 1, 2, 1, 0, 12) && AIC: 1209.9507468554948
(2, 1, 1, 1, 0, 1, 12) && AIC: 1431.6055563255536
(1, 1, 1, 1, 1, 2, 12) && AIC: 1159.8264244463053
(0, 2, 1, 1, 0, 2, 12) && AIC: 1349.300874986193
(2, 1, 2, 0, 2, 0, 12) && AIC: 1536.9326401265694
(2, 0, 1, 1, 1, 0, 12) && AIC: 1307.242763453834
(0, 2, 1, 2, 2, 2, 12) && AIC: 1166.978158006696
(2, 2, 0, 2, 1, 0, 12) && AIC: 1259.049076053424
(0, 0, 0, 1, 2, 2, 12) && AIC: 1141.0420474505386
(0, 0, 2, 0, 0, 1, 12) && AIC: 1651.3250544275134
(2, 1, 0, 1, 1, 0, 12) && AIC: 1338.0724188452753
(0, 2, 2, 1, 0, 2, 12) && AIC: 1287.3720938852953
(0, 1, 1, 1, 2, 2, 12) && AIC: 1105.9188740591164
(1, 1, 2, 2, 0, 2, 12) && AIC: 1257.7010355319221
(2, 2, 2, 1, 0, 1, 12) && AIC: 1427.8564010839978
(1, 1, 2, 1, 1, 2, 12) && AIC: 1153.59902476024
(0, 2, 2, 0, 0, 2, 12) && AIC: 1290.8999492455796
(1, 1, 0, 2, 1, 0, 12) && AIC: 1205.8696765340874
(1, 2, 1, 1, 0, 2, 12) && AIC: 1331.9010725314265
(0, 1, 1, 1, 1, 2, 12) && AIC: 1158.7572113367257
(0, 1, 1, 0, 2, 2, 12) && AIC: 1104.1012015516226
(2, 0, 0, 2, 1, 2, 12) && AIC: 1185.466304034287
(2, 0, 2, 1, 0, 0, 12) && AIC: 1469.8007630768775
(0, 1, 1, 2, 2, 1, 12) && AIC: 1121.2248118683324
(2, 1, 1, 2, 1, 1, 12) && AIC: 1148.3291469963706
(1, 0, 0, 0, 0, 2, 12) && AIC: 1380.853280221395
(1, 0, 1, 1, 1, 1, 12) && AIC: 1312.287530467119
(2, 2, 0, 1, 1, 0, 12) && AIC: 1413.9635037816329
(1, 1, 1, 0, 2, 2, 12) && AIC: 1105.8238968756457
(1, 2, 1, 2, 0, 1, 12) && AIC: 1317.9649773066485
(1, 0, 0, 1, 0, 2, 12) && AIC: 1307.5501424452816
(0, 2, 0, 0, 2, 1, 12) && AIC: 1453.3775667445261
(1, 1, 1, 0, 1, 2, 12) && AIC: 1157.8418108513556
(1, 1, 1, 1, 2, 2, 12) && AIC: 1107.8160735451143
(0, 2, 0, 2, 2, 0, 12) && AIC: 1351.0721684071707
(0, 0, 1, 0, 0, 1, 12) && AIC: 1725.1935396096817
(0, 2, 1, 2, 1, 2, 12) && AIC: 1216.4158320881784
(0, 0, 0, 2, 0, 2, 12) && AIC: 1301.88246634401
(2, 0, 0, 1, 2, 1, 12) && AIC: 1230.2868018380552
(0, 0, 0, 1, 1, 2, 12) && AIC: 1209.8376863571907
(2, 0, 2, 2, 0, 0, 12) && AIC: 1277.9889481187206
(0, 1, 0, 0, 0, 1, 12) && AIC: 1571.3540062661907
(2, 0, 2, 0, 1, 1, 12) && AIC: 1288.6258252392913
(0, 2, 0, 2, 0, 0, 12) && AIC: 1496.5322066494869
(1, 2, 0, 2, 2, 2, 12) && AIC: 1227.7032022949809
(2, 0, 2, 2, 2, 0, 12) && AIC: 1144.077777142422
(0, 0, 2, 2, 1, 0, 12) && AIC: 1207.186461111146
(2, 2, 1, 0, 1, 1, 12) && AIC: 1318.3756798761676
(2, 1, 2, 0, 0, 1, 12) && AIC: 1490.999608540521
(1, 2, 0, 0, 2, 1, 12) && AIC: 1387.5803126862722
(2, 2, 2, 2, 0, 2, 12) && AIC: 1262.7029379075648
(1, 0, 2, 1, 2, 1, 12) && AIC: 1217.4937041380163
(1, 0, 1, 2, 0, 1, 12) && AIC: 1306.2571929051326
(1, 2, 2, 1, 1, 1, 12) && AIC: 1293.9018920762385
(1, 1, 0, 0, 1, 0, 12) && AIC: 1587.4332861473945
(1, 0, 1, 0, 1, 0, 12) && AIC: 1522.7572984210503
(2, 1, 1, 0, 1, 2, 12) && AIC: 1159.6715843711813
(0, 1, 2, 0, 1, 0, 12) && AIC: 1502.8988187815962
(0, 2, 0, 1, 1, 1, 12) && AIC: 1505.573319288663
(0, 2, 2, 2, 1, 2, 12) && AIC: 1138.6690113436657
(0, 2, 2, 0, 2, 1, 12) && AIC: 1225.2573051872034
(2, 0, 1, 0, 1, 0, 12) && AIC: 1522.0301187250575
(2, 1, 1, 0, 2, 2, 12) && AIC: 1107.8211417168259
(2, 1, 0, 0, 1, 0, 12) && AIC: 1549.181122348737
(2, 0, 1, 2, 0, 1, 12) && AIC: 1279.6622020998689
(0, 0, 1, 1, 2, 2, 12) && AIC: 1112.7036901405386
(2, 0, 0, 0, 0, 2, 12) && AIC: 1366.73077845931
(2, 0, 2, 1, 2, 1, 12) && AIC: 1214.100834836111
(1, 2, 2, 2, 0, 0, 12) && AIC: 1276.8754806253014
(1, 1, 2, 0, 0, 1, 12) && AIC: 1490.9366734605246
(1, 2, 2, 2, 2, 0, 12) && AIC: 1146.6999495055175
(2, 2, 1, 1, 1, 0, 12) && AIC: 1333.2606715472025
(0, 1, 0, 2, 0, 2, 12) && AIC: 1341.001269087082
(1, 0, 0, 2, 1, 2, 12) && AIC: 1200.68527656315
(1, 0, 2, 2, 2, 0, 12) && AIC: 1149.1521713838788
(1, 0, 2, 0, 1, 1, 12) && AIC: 1286.6386765093125
(1, 2, 1, 2, 2, 0, 12) && AIC: 1170.476349402902
(1, 2, 0, 1, 0, 2, 12) && AIC: 1445.8439501805458
(1, 2, 2, 0, 2, 1, 12) && AIC: 1227.0008326156321
(1, 2, 0, 2, 1, 2, 12) && AIC: 1296.6558969168475
(1, 0, 0, 1, 2, 1, 12) && AIC: 1242.7587915306653
(1, 0, 2, 2, 0, 0, 12) && AIC: 1283.3490486617893
(0, 0, 2, 0, 1, 0, 12) && AIC: 1514.7835537863616
(2, 1, 2, 2, 0, 2, 12) && AIC: 1258.8622578698357
(0, 2, 1, 0, 0, 2, 12) && AIC: 1366.257533552738
(2, 0, 1, 1, 1, 1, 12) && AIC: 1298.56597320922
(2, 2, 0, 2, 1, 1, 12) && AIC: 1249.3966109295995
(2, 2, 2, 1, 1, 2, 12) && AIC: 1155.7957942528283
(0, 2, 2, 2, 2, 2, 12) && AIC: 1100.5310695320238
(1, 1, 1, 2, 1, 1, 12) && AIC: 1155.4798068669518
(2, 2, 2, 0, 1, 2, 12) && AIC: 1154.9600560579693
(0, 1, 2, 2, 1, 0, 12) && AIC: 1181.641427931666
(0, 0, 1, 1, 1, 2, 12) && AIC: 1194.5003668474199
(1, 2, 1, 1, 1, 1, 12) && AIC: 1341.1663046165104
(2, 2, 2, 2, 2, 1, 12) && AIC: 1127.9330289329548
(0, 0, 0, 0, 0, 1, 12) && AIC: 1838.5730922034609
(0, 1, 1, 0, 0, 1, 12) && AIC: 1504.9526189401804
(2, 1, 0, 2, 1, 0, 12) && AIC: 1190.5338266531057
(0, 1, 1, 2, 1, 0, 12) && AIC: 1180.795536444632
(2, 2, 0, 1, 0, 1, 12) && AIC: 1556.1707966605245
(1, 0, 0, 2, 2, 2, 12) && AIC: 1112.440722727928
(2, 1, 1, 1, 2, 2, 12) && AIC: 1109.669315210494
(1, 2, 1, 0, 2, 1, 12) && AIC: 1271.1408375711299
(1, 1, 0, 1, 1, 0, 12) && AIC: 1352.9358933101034
(1, 0, 1, 1, 1, 0, 12) && AIC: 1319.2052389852245
(0, 2, 0, 0, 0, 0, 12) && AIC: 1945.5978657193082
(0, 0, 1, 2, 2, 1, 12) && AIC: 1133.505477878544
(1, 2, 1, 2, 0, 0, 12) && AIC: 1316.435328972947
(1, 1, 1, 1, 0, 1, 12) && AIC: 1434.9595665759393
(0, 2, 0, 2, 1, 1, 12) && AIC: 1380.6179835806197
(0, 2, 0, 0, 2, 0, 12) && AIC: 1755.285167266472
(1, 2, 0, 0, 0, 2, 12) && AIC: 1458.5828658173825
(2, 2, 2, 1, 2, 2, 12) && AIC: 1158.4096083349853
(0, 1, 0, 0, 1, 2, 12) && AIC: 1233.9166701243225
(0, 1, 0, 1, 1, 2, 12) && AIC: 1235.8767373369406
(2, 0, 0, 2, 0, 1, 12) && AIC: 1287.1323345081776
(2, 2, 0, 0, 1, 2, 12) && AIC: 1277.4628970682543
(1, 0, 1, 2, 1, 0, 12) && AIC: 1180.94312373843
(2, 2, 2, 0, 2, 2, 12) && AIC: 1108.914253943996
(2, 2, 0, 0, 2, 2, 12) && AIC: 1205.5201525312652
(2, 1, 2, 1, 1, 2, 12) && AIC: 1155.5320582284676
(2, 2, 1, 0, 1, 0, 12) && AIC: 1547.6270683316948
(0, 1, 2, 0, 0, 1, 12) && AIC: 1488.968760385529
(0, 2, 0, 1, 0, 0, 12) && AIC: 1700.224997269509
(1, 0, 2, 1, 0, 0, 12) && AIC: 1476.3526851060433
(1, 0, 2, 1, 2, 0, 12) && AIC: 1301.1839861948993
(0, 2, 0, 1, 2, 0, 12) && AIC: 1506.400610598716
(0, 2, 2, 2, 0, 1, 12) && AIC: 1287.8239115563083
(1, 1, 0, 0, 1, 1, 12) && AIC: 1339.209096222052
(0, 0, 2, 1, 1, 0, 12) && AIC: 1349.2897185119696
(2, 1, 0, 0, 0, 1, 12) && AIC: 1543.831220305964
(2, 1, 1, 2, 0, 2, 12) && AIC: 1268.3057212534604
(2, 1, 1, 1, 1, 2, 12) && AIC: 1161.6505868762656
(0, 0, 0, 0, 2, 0, 12) && AIC: 1568.9187476657962
(2, 0, 1, 0, 2, 1, 12) && AIC: 1240.430633037643
(0, 0, 1, 0, 2, 2, 12) && AIC: 1116.1306624905246
(2, 0, 0, 1, 0, 2, 12) && AIC: 1308.9437695611325
(1, 1, 2, 2, 2, 1, 12) && AIC: 1112.1113226856464
(0, 2, 2, 1, 1, 1, 12) && AIC: 1296.6258727806317
(1, 1, 2, 0, 2, 0, 12) && AIC: 1538.0411419296092
(0, 1, 0, 0, 2, 2, 12) && AIC: 1180.2971437878937
(1, 0, 2, 0, 0, 0, 12) && AIC: 1681.0036998020018
(1, 2, 1, 0, 0, 0, 12) && AIC: 1742.1327874361577
(0, 1, 2, 1, 1, 2, 12) && AIC: 1151.6628789188665
(1, 2, 2, 2, 0, 1, 12) && AIC: 1278.0006679953403
(1, 1, 2, 0, 0, 0, 12) && AIC: 1681.6509018309723
(1, 0, 2, 0, 2, 0, 12) && AIC: 1538.9843041722402
(0, 1, 0, 1, 2, 2, 12) && AIC: 1183.9733464630337
(2, 1, 2, 0, 2, 2, 12) && AIC: 1096.9453570150138
(0, 2, 1, 2, 2, 0, 12) && AIC: 1215.7163929428407
(0, 1, 2, 1, 2, 2, 12) && AIC: 1100.3392810899359
(1, 0, 2, 2, 2, 1, 12) && AIC: 1118.4796856462099
(0, 2, 1, 0, 1, 1, 12) && AIC: 1344.5928686191412
(2, 1, 2, 0, 1, 2, 12) && AIC: 1153.587377897811
(2, 1, 2, 1, 2, 2, 12) && AIC: 1099.9224792752466
(1, 0, 0, 0, 1, 1, 12) && AIC: 1332.6970878613865
(0, 0, 2, 0, 1, 1, 12) && AIC: 1317.2236635733948
(2, 1, 0, 1, 2, 2, 12) && AIC: 1141.2738542235038
(1, 1, 2, 1, 2, 0, 12) && AIC: 1291.8078483072716
(1, 1, 0, 2, 1, 2, 12) && AIC: 1199.1375655320066
(1, 2, 1, 1, 0, 0, 12) && AIC: 1532.3070286437598
(2, 0, 1, 2, 2, 2, 12) && AIC: 1106.8388884262063
(0, 2, 1, 1, 2, 1, 12) && AIC: 1283.426826999941
(1, 1, 2, 1, 0, 0, 12) && AIC: 1487.1156767206471
(2, 2, 0, 1, 2, 2, 12) && AIC: 1205.734724427044
(0, 0, 0, 2, 2, 1, 12) && AIC: 1126.4095718681067
(0, 1, 1, 0, 1, 0, 12) && AIC: 1520.4365028633629
(2, 2, 2, 0, 0, 1, 12) && AIC: 1485.319599042718
(2, 0, 2, 1, 0, 2, 12) && AIC: 1304.3138324320885
(0, 2, 2, 0, 1, 0, 12) && AIC: 1517.5586889522463
(1, 1, 0, 2, 2, 2, 12) && AIC: 1140.4131728165253
(1, 1, 1, 2, 1, 0, 12) && AIC: 1169.0602266461285
(0, 0, 1, 0, 1, 2, 12) && AIC: 1192.5968117158777
(2, 0, 2, 0, 0, 2, 12) && AIC: 1296.5547984319137
(0, 0, 0, 0, 0, 0, 12) && AIC: 2156.8493415956855
(1, 2, 2, 0, 0, 2, 12) && AIC: 1289.5466208416992
(1, 0, 1, 1, 0, 1, 12) && AIC: 1442.3659614473024
(1, 2, 1, 2, 1, 1, 12) && AIC: 1203.2192793872628
(1, 1, 1, 1, 1, 0, 12) && AIC: 1311.102418827969
(1, 2, 2, 1, 0, 2, 12) && AIC: 1288.2556143216693
(1, 2, 1, 0, 2, 0, 12) && AIC: 1604.0415200673754
(1, 0, 0, 1, 1, 0, 12) && AIC: 1335.9540398142371
(0, 0, 0, 1, 2, 0, 12) && AIC: 1308.2488937332441
(2, 1, 0, 1, 1, 2, 12) && AIC: 1204.5085503279056
(2, 1, 1, 0, 0, 1, 12) && AIC: 1499.2410567257944
(0, 0, 2, 2, 1, 2, 12) && AIC: 1180.4873495706881
(0, 2, 1, 2, 0, 0, 12) && AIC: 1347.5661429282627
(0, 0, 1, 1, 0, 1, 12) && AIC: 1437.6252267680952
(2, 0, 0, 0, 2, 1, 12) && AIC: 1252.4255112725764
(0, 0, 0, 1, 0, 0, 12) && AIC: 1523.025560597291
(0, 1, 0, 1, 0, 1, 12) && AIC: 1518.5604953720735
(0, 1, 2, 0, 2, 2, 12) && AIC: 1098.4449715830997
(2, 2, 1, 2, 1, 0, 12) && AIC: 1189.0953476602617
(2, 0, 0, 2, 2, 0, 12) && AIC: 1139.3879475552524
(0, 0, 2, 2, 2, 2, 12) && AIC: 1096.3358432369114
(2, 0, 1, 1, 0, 2, 12) && AIC: 1362.5156978312175
(2, 0, 1, 2, 1, 2, 12) && AIC: 1159.009295182259
(2, 2, 1, 0, 0, 1, 12) && AIC: 1532.5219781909211
(2, 2, 0, 2, 0, 2, 12) && AIC: 1379.4547821558442
(2, 2, 0, 1, 1, 2, 12) && AIC: 1279.3910171881587
(0, 1, 2, 2, 2, 1, 12) && AIC: 1122.6485092230187
(2, 0, 0, 2, 0, 0, 12) && AIC: 1285.2606356284073
(1, 2, 0, 1, 2, 1, 12) && AIC: 1366.8574447775798
(1, 2, 1, 1, 2, 0, 12) && AIC: 1334.5651080010207
(2, 2, 2, 2, 1, 0, 12) && AIC: 1163.955571486843
(0, 2, 2, 2, 1, 0, 12) && AIC: 1185.11520869282
(1, 0, 1, 2, 1, 1, 12) && AIC: 1172.4359138426216
(0, 1, 0, 2, 1, 1, 12) && AIC: 1239.4626653218097
(1, 0, 1, 0, 2, 2, 12) && AIC: 1111.8107014887817
(2, 1, 0, 2, 2, 1, 12) && AIC: 1128.6580024686377
(0, 2, 1, 1, 0, 0, 12) && AIC: 1551.8457236063368
(0, 2, 0, 1, 0, 1, 12) && AIC: 1672.3256180317433
(0, 0, 0, 2, 0, 0, 12) && AIC: 1313.796905658397
(0, 0, 2, 1, 2, 1, 12) && AIC: 1215.8632340735223
(2, 1, 2, 2, 1, 1, 12) && AIC: 1146.957173711774
(0, 0, 1, 2, 0, 2, 12) && AIC: 1281.4279745550039
(2, 0, 0, 1, 1, 1, 12) && AIC: 1326.0773266585516
(2, 0, 2, 2, 1, 2, 12) && AIC: 1147.2237919622467
(1, 1, 0, 1, 2, 1, 12) && AIC: 1272.5960363163003
(1, 1, 2, 2, 0, 0, 12) && AIC: 1275.085515941579
(1, 1, 2, 0, 1, 1, 12) && AIC: 1279.3570194667486
(1, 1, 2, 2, 2, 0, 12) && AIC: 1145.5162381870246
(0, 1, 1, 1, 1, 0, 12) && AIC: 1322.8865505107572
(1, 2, 0, 2, 2, 0, 12) && AIC: 1256.8849989180603
(1, 2, 2, 2, 1, 2, 12) && AIC: 1157.3864922450048
(2, 2, 1, 1, 2, 2, 12) && AIC: 1133.0715854049363
(0, 2, 2, 1, 1, 0, 12) && AIC: 1325.5166186046672
(1, 2, 0, 0, 1, 1, 12) && AIC: 1437.113712003506
(0, 2, 1, 0, 0, 0, 12) && AIC: 1764.5848109675098
(1, 0, 2, 0, 0, 1, 12) && AIC: 1488.6086344934834
(0, 1, 2, 0, 1, 2, 12) && AIC: 1149.7087792573416
(1, 2, 0, 2, 0, 0, 12) && AIC: 1418.2370285772909
(1, 2, 2, 1, 2, 1, 12) && AIC: 1220.6189534093812
